1462408
1462409
1462411
1471093
1471087
1471081
1471094
1471088
1471082
1471095
1471089
1471083
1471096
1471090
1471084
1481696
1481697
1481698
1481701
1481702
1481703
1503548
1515327
1515328
1515329
1531322
1545023
1555723
1556013
1556019
1556014
1556020
1556015
1556021
1556016
1556022
1556017
1556023
1556018
1556024
1576939
1576940
1576941
1578393
1578394
1578395
1583670
1591067
1595314
1595315
1595316
1595317
1595318
1595319
1605729
1613881
1613882
1613883
1613884
1613885
1613886
1619700
1619701
1619702
1619707
1619709
1620979
1620981
1626555
1626556
1626557
1626559
1636339
1636340
1636341
1636342
1636605
1636606
1636607
1636608
1652463
1652954
1652955
1653624
1653625
1653626
1657035
1666911
1678501
1678502
1678503
1678504
1678505
1678506
1682753
1682758
1682759
1682760
1700825
1700828
1700826
1700829
1700827
1700830
1709779
1709782
1709784
1759832
1759833
1759834
1759835
1759836
1766798
1777326
1811242
1831323
1831327
1868485
1868494
1868486
1868495
1868487
1868496
1869707
1955121
1962089
1962090
1962091
1962092
1962093
1962094
2030863
2030864
2030865
2030866
2033111
2036257
2036376
2036377
2036378
2046243
2046256
2052559
2052564
2100987
2100992
2100982
2100977
2100988
2100993
2100983
2100978
2100990
2100995
2100985
2100980
2112808
2112809
2112810
2114862
2114863
2114864
2120043
2120045
2142574
2142575
2142576
2148196
2148197
2148198
2184834
2184835
2184836
2191274
2191275
2191277
2191278
2191279
2218618
2218619
2218621
2243345
2265936
2265938
2265939
2265940
2265941
2277309
2323621
2323619
2348377
2348378
2363864
2385377
2387908
2387910
2391323
2403728
2403722
2403716
2403729
2403723
2403717
2403730
2403724
2403718
2403731
2403725
2403719
2403732
2403726
2403720
2403733
2403727
2403721
2414634
2414635
2414637
2422409
2422413
2428003
2457462
2457463
2525007
2525008
2525009
2526284
2526285
2526287
2526498
2526503
2526499
2526504
2526500
2526505
2531285
2540529
2540742
2590631
2590618
2590632
2590619
2590633
2590620
2590634
2590621
2590635
2590622
2590636
2590623
2703522
2760697
2787519
2787520
2847703
2856382
2974362
2974374
2974386
2984956
2984957
2984958
2995851
3006915
3013098
3013099
3013636
3112712
3120485
3120486
3120488
3120489
3120490
3120820
3120821
3120822
3243574
3243575
3243576
3263025
3373661
3427713
3483420
3483421
3483422
3483455
3483456
3483457
3483461
3483462
3542957
3542958
3542959
3559455
3559447
3559451
3559456
3559448
3559452
3559457
3559449
3559453
3574137
3574995
3574997
3574998
3601544
3601537
3601546
3601539
3638126
3638127
3638154
3638156
3638211
3649075
3649076
3649077
3649080
3657460
3657551
3721829
3721830
3721831
3721832
3721833
3721834
3721835
3721836
3721837
3721838
3721839
3721840
3721841
3721846
3721847
3721848
3721849
3721850
3721851
3721852
3721853
3721865
3721866
3721867
3721868
3721869
3775501
3775502
3775503
3776996
3799555
3799560
3813399
3817728
3988242
4000624
4000625
4005773
4018744
4018745
4033714
4033715
4033716
4033717
4033734
4033740
4033741
4033742
4033743
4033744
4033745
4033758
4033766
4062745
4062746
4062747
4062751
4062752
4062753
4164559
4168986
4212634
4212635
4212636
4212637
4230041
4236661
4259296
4259297
4259298
4266962
4266973
4286230
4286231
4286232
4371093
4380715
4380716
4391196
4408312
4408313
4408314
4480630
4480631
4524864
4524865
4524866
4617483
4617484
4617485
4617486
4617487
4617488
4620908
4620918
4620909
4620919
4620910
4620920
4658773
4658774
4675696
4675697
4675698
4717409
4717413
4717417
4717410
4717414
4717418
4723114
4723811
4726730
4726731
4726847
4726849
4726850
4791108
4791109
4791110
4791111
4793109
4793110
4793111
4793112
4793113
4922874
4922920
4922939
4940083
4940087
4940084
4940088
4940085
4940089
4940086
4940090
4998104
5007012
5007013
5007014
5007015
5049240
5086110
5086098
5090495
5090496
5090497
5090498
5130675
5130676
5130678
5130679
5130738
5136481
5163302
5163303
5163304
5241544
5241551
5241552
5267894
5276117
5276109
5276118
5276110
5276120
5276112
5281230
5281240
5281231
5281241
5281232
5281242
5282364
5291284
5324939
5324940
5324941
5345192
5365334
5365342
5379496
5400863
5424708
5424709
5424710
5424711
5427714
5427722
5427715
5427723
5427717
5427725
5428940
5428932
5428941
5428933
5428942
5428934
5434382
5434372
5434383
5434373
5434384
5434374
5441153
5441154
5441155
5451551
5451552
5459864
5459910
5459911
5459912
5459913
5461776
5461777
5461778
5461779
5475300
5475418
5522345
5522346
5522347
5522348
5540956
5540957
5540958
5549679
5559498
5559499
5619849
5635140
5635141
5709035
5709036
5709037
5795417
5795418
5795419
5800681
5800682
5800683
5803156
5803160
5841199
5986773
5991859
5991861
5994350
5994351
5994352
6001996
6001999
6007771
6019514
6019649
6019650
6019651
6019660
6019662
6054691
6054692
6054693
6054694
6116765
6116766
6116767
6153374
6153376
6153429
6153483
6153485
6153488
6153489
6153490
6153492
6261739
6292201
6292202
6292203
6331447
6333386
6333380
6333387
6333381
6333389
6333383
6333390
6333384
6333391
6333385
6333777
6333771
6333778
6333772
6333779
6333773
6333780
6333774
6333781
6333775
6345030
6345031
6345032
6347868
6347869
6347870
4033718
4033719
4033720
6360130
6360132
6375552
6384917
6384918
6384924
6386127
6386158
6386153
6386159
6386154
6387257
6387267
6387259
6387269
6387262
6387272
6387263
6387273
6387264
6387274
6404539
6404540
6404541
6430031
6430032
6430033
6430034
6430035
6430154
6430155
6430156
6430157
6433443
6433444
6433445
6433531
6433533
6435788
6435789
6435790
6435791
6435793
6435794
6435795
6435797
6435798
6435799
6435800
6435801
6435802
6435803
6435804
6435807
6435808
6435809
6435810
6435812
6451753
6451754
6451756
6466579
6466581
6473885
6473886
6478081
6478082
6480071
6480072
6480073
6480074
6480075
6480076
6480077
6480078
6480079
6480080
6480081
6480082
6480083
6490316
6492972
6492979
6492973
6492980
6492974
6492981
6498185
6498186
6501051
6501058
6509581
6509589
6509582
6509590
6509583
6509591
6509584
6509592
6509608
6509615
6511353
6517179
6517199
6517180
6517200
6517182
6517202
6517184
6517204
6517186
6517206
6517188
6517208
6517189
6517209
6517191
6517211
6517193
6517213
6517194
6517214
6517196
6517216
6527530
6527536
6527531
6527537
6527533
6527539
6527534
6527540
6527535
6527541
6550126
6550130
6550127
6550131
6550128
6550132
6550129
6550133
6555557
6555527
6555542
6555558
6555528
6555543
6555560
6555530
6555545
6555561
6555531
6555546
6555562
6555532
6555547
6556293
6556267
6556280
6556294
6556268
6556281
6556427
6556401
6556414
6556428
6556402
6556415
6556429
6556403
6556416
6563447
6563448
6573403
6573408
6573409
6573410
6573413
6573469
6573470
6573471
6573472
6573473
6573474
6573475
6574576
6576347
6576354
6576348
6576355
6576349
6576356
6588627
6604797
6604798
6604799
6604800
6608161
6608162
6608163
6617802
6617803
6618579
6618580
6618581
6619029
6619030
6619031
6619032
6626567
6626568
6626569
6629838
6629839
6629840
6629841
6652161
6652162
6652163
6657389
6660728
6660737
6660719
6660729
6660738
6660720
6662697
6662698
6662699
6662700
6665831
6665832
6665833
6698908
6705035
6705017
6734441
6734442
6734443
6734444
6734446
6735482
6760832
6760823
6760814
6809951
6809952
6809953
6811510
6811517
6811532
6830110
6830111
6830112
6830113
6850600
6850601
6850602
6850603
6860779
6860780
6860964
6860965
6860966
6860967
6874753
6874756
6874757
6874784
6874785
6874786
6874787
6874788
6874792
6874793
6874797
6874798
6874800
6879909
6879910
6890135
6892846
6892847
6892848
6892849
6913137
6913138
6929811
6929812
6929813
6949087
6949088
6949089
6949090
6962121
6962123
6962146
6962147
6962148
6970957
6970958
6970960
6971708
6971709
6971710
6971711
7001844
7001837
7001845
7001838
7001846
7001839
7001909
7012639
7023099
7074806
7151081
7151082
7154798
7154799
7154800
7172841
7172842
7172843
7173207
7173208
7178165
7178166
7178167
7181941
7181942
7181943
7202107
7202108
7202109
7226891
7226892
7226893
7229282
7229283
7229284
7240364
7240365
7240366
7248818
7252878
7252880
7255931
7255932
7255933
7255935
7270769
7270770
7270771
7270776
7270777
7270778
7270779
7270780
7270781
7270782
7270915
7270898
7270899
7270900
7270901
7270902
7270903
7270904
7270905
7270906
7270907
7270908
7270909
7270910
7270914
7270916
7270917
7270918
7270919
7276788
7278278
7278279
7278280
7278281
7278282
7278283
7278284
7278285
7278286
7278287
7278288
7278289
7278290
7278291
7278292
7278293
7278294
7278295
7278296
7278297
7278298
7278299
7278300
7278301
7278302
7278303
7278304
7278305
7278306
7278307
7278308
7278309
7278310
7278311
7278312
7278313
7278314
7278315
7278316
7278317
7285811
7285812
7285813
7287216
7287217
7287218
7301435
7306553
7331052
7356016
7356017
7357205
7357206
7357207
7404133
7404134
7404135
7404136
7407414
7407790
7407783
7407793
7407786
7407794
7407787
7458316
7458319
7458320
7458324
7458325
7458326
7458327
7474413
7474414
7474415
7474416
7474418
7481367
7481369
7481370
7499601
7499602
7511662
7511654
7511669
7511661
7516894
7524030
7524031
7524032
7532565
7532566
7532568
7532570
7532572
7532574
7532575
7532577
7532579
7532580
7562254
7562255
7628043
7628044
7628047
7634642
7635773
7635761
7635749
7635774
7635762
7635750
7635775
7635763
7635751
7637473
7637480
7637475
7637482
7650132
7650147
7650148
7650149
7650165
7650167
7655641
7673970
7673971
7673972
7673973
7679651
7679652
7679654
7679655
7679656
7679689
7679690
7679691
7679692
7679693
7696367
7697780
7732477
7734001
7734002
7734003
7735206
7735207
7740103
7743332
7743333
7743334
7743335
7769994
7769995
7769996
7790746
7790748
7790749
7790750
7790751
7790752
7790753
7790754
7790755
7790756
7790757
7790758
7816071
7816072
7842253
7843433
7843434
7843435
7847870
7847871
7847872
7847873
7872839
7876475
7876476
7876478
7904733
7908565
7908597
7908598
7908599
7908600
7914215
7914216
7914217
7923193
7972922
7972924
7980833
7980834
7980835
7985073
7993420
7993421
7993422
8019878
8019887
8019879
8019888
8019880
8019889
8019881
8019890
8019883
8019892
8079251
8087043
8092454
8092455
8092456
8105918
8105919
8105920
8131500
8131501
8131502
8131509
8164089
8164090
8164091
8180444
8198818
8198823
8210316
8210317
8210318
8210319
8218115
8218119
8218117
8218121
8221643
8221644
8221645
8229245
8229246
8229247
8282598
8282599
8282600
8283166
8283169
8296530
8296592
8296809
8296811
8296812
8296813
8327269
8342099
8342100
8343444
8367230
8367207
8367231
8367208
8367232
8367209
8377718
8380845
8380846
8380847
8380927
8380929
8388939
8388943
8398386
8404150
8404161
8405242
8405243
8405330
8405685
8437209
8438960
8438961
8438963
8442047
8444704
8444705
8444990
8444991
8444992
8444993
8444994
8459940
8459941
8459942
8459943
8467008
8480343
8480331
8480345
8480333
8484428
8500884
8538528
8538517
8538529
8538518
8538530
8538519
8587058
8587059
8587060
8599522
8709820
8709821
8709822
8711276
8711277
8711278
8711284
8711286
8711287
8711288
8742322
8742323
8742324
8779174
8779274
8782599
8793020
8793041
8793042
8793043
8793047
8793048
8793049
8793178
8793181
8793182
8793186
8793188
8793189
8793190
8793194
8793196
8793197
8793198
8793199
8793206
8793207
8793208
8793222
8793229
8793232
8793233
8793298
8793300
8793301
8793468
8793469
8793470
8793471
8793472
8793473
8793474
8793475
8793476
8793477
8793478
8793479
8793480
8793481
8793482
8793483
8793484
8793485
8793486
8793487
8793488
8793489
8793490
8793491
8793492
8793493
8793494
8793495
8793496
8793497
8793498
8793499
8793500
8793501
8804631
8804616
8804632
8804617
8804638
8804623
8810100
8810101
8810102
8810174
8810175
8810176
8817031
8817032
8817033
8817034
8817035
8826345
8826346
8826450
8826451
8826452
8832613
8845975
8845976
8845977
8845978
8846044
8846045
8846046
8846047
8846304
8846305
8846306
8847342
8847343
8847344
8870956
8870957
8870958
8873645
8879646
8879877
8880002
8880003
8882252
8882254
8882257
8882258
8882259
8897889
8897890
8897891
8897892
8897967
8897968
8897969
8897970
8898433
8898449
8898450
8898451
8900295
8900296
8900297
8900302
8900303
8900304
8900353
8900354
8900355
8901061
8901062
8901063
8901064
8901065
8901066
8901189
8901181
8901367
8901578
8901488
8901533
8901579
8901489
8901534
8901580
8901490
8901535
8901581
8901491
8901536
8901582
8901492
8901537
8901583
8901493
8901538
8901584
8901494
8901539
8901585
8901495
8901540
8901586
8901496
8901541
8901587
8901497
8901542
8901588
8901498
8901543
8901589
8901499
8901544
8901590
8901500
8901545
8901591
8901501
8901546
8901592
8901502
8901547
8901593
8901503
8901548
8901594
8901504
8901549
8901595
8901505
8901550
8901596
8901506
8901551
8901597
8901507
8901552
8901598
8901508
8901553
8901599
8901509
8901554
8901600
8901510
8901555
8901601
8901511
8901556
8901602
8901512
8901557
8901603
8901513
8901558
8901604
8901514
8901559
8901605
8901515
8901560
8901606
8901516
8901561
8901607
8901517
8901562
8901608
8901518
8901563
8901609
8901519
8901564
8901610
8901520
8901565
8901611
8901521
8901566
8901612
8901522
8901567
8901613
8901523
8901568
8901614
8901524
8901569
8901615
8901525
8901570
8901616
8901526
8901571
8901617
8901527
8901572
8901618
8901528
8901573
8901619
8901529
8901574
8901620
8901530
8901575
8901621
8901531
8901576
8901622
8901532
8901577
8901881
8901847
8901864
8901882
8901848
8901865
8901883
8901849
8901866
8901884
8901850
8901867
8901885
8901851
8901868
8901886
8901852
8901869
8901887
8901853
8901870
8901888
8901854
8901871
8901889
8901855
8901872
8901890
8901856
8901873
8901891
8901857
8901874
8901892
8901858
8901875
8901893
8901859
8901876
8901894
8901860
8901877
8901895
8901861
8901878
8912936
8916644
8916645
8916646
8929017
8929018
8929019
8929025
8964819
8965072
8965074
8985775
8985776
8985777
9039210
9043922
9043923
9051954
9051955
9051956
9053697
9070510
9096063
9096064
9096065
9096066
9096068
9096069
9096070
9130589
9130590
9130591
9130592
9130665
9130666
9130667
9130676
9130677
9130678
9130679
9130680
9141752
9141827
9163999
9164000
9164001
9175372
9202237
9202240
9202241
9202242
9221340
9221354
9221355
9221370
9221371
9221535
9221530
9221538
9221533
9225515
9225507
9225516
9225508
9225518
9225510
9233440
9233441
9233442
9233457
9233458
9233459
9233741
9233742
9244989
9244991
9254721
9254722
9254723
9254724
9254725
9254726
9277267
9277268
9277269
9280722
9280723
9280724
9280725
9280726
9280727
9280728
9295768
9295769
9295770
9302771
9302814
9313150
9313151
9313152
9313153
9358080
9358081
9415096
9415097
9415098
9415288
9415294
9415289
9415295
9415290
9415296
9415877
9417553
9417554
9417556
9417558
9417560
9417562
9417563
9417565
9417567
9417568
9430126
9464748
9464749
9464750
9470050
9470051
9470052
9470054
9504689
9504690
9504691
9509161
9509162
9509163
9514312
9514313
9514314
9514315
9514316
9514317
9514318
9514319
9514320
9514321
9560597
9560593
9560589
9560598
9560594
9560590
9560599
9560595
9560591
9595234
9595236
9599471
9601412
9601413
9601414
9613288
9613291
9613296
9613300
9613301
9613302
9613303
9613304
9613308
9613309
9613310
9613311
9613312
9613313
9613316
9613317
9613318
9613320
9613376
9613377
9613378
9615143
9615152
9615153
9615154
9615156
9615296
9615298
9617835
9617836
9617837
9617838
9617839
9617840
9617868
9621437
9621438
9621439
9621440
9626395
9635763
9635764
9635765
9635766
9635767
9635768
9635769
9635770
9635771
9635772
9635773
9635774
9635775
9635776
9635777
9635778
9635779
9635780
9635781
9635782
9635783
9635784
9635785
9635786
9635787
9635788
9635789
9635790
9635791
9635792
9635793
9635794
9635795
9635796
9635798
9635799
9635800
9635801
9635802
9635803
9635804
9635805
9635806
9635807
9635808
9635809
9635810
9642817
9658660
9658663
9658665
9658666
9667271
9667272
9667273
9667274
9667275
9667276
9667277
9667278
9667279
9667280
9667281
9667282
9667283
9667284
9667285
9667286
9667287
9667288
9667289
9667290
9667291
9667292
9667293
9667294
9667295
9667296
9667297
9667298
9667299
9667300
9667301
9667302
9667303
9667304
9668989
9668990
9669046
9669047
9669048
9681198
9700590
9704736
9704737
9704738
9704962
9704963
9704964
9704965
9704966
9704967
9705343
9705344
9705346
9706524
9706525
9706526
9706527
9706528
9706529
9706530
9706531
9706532
9706533
9706534
9708309
9708303
9732069
9732070
9732071
9732072
9732073
9732074
9732075
9732076
9732077
9732078
9732079
9732080
9732081
9732082
9732083
9732084
9732086
9732087
9732088
9732089
9732090
9732091
9732093
9732094
9732095
9732096
9732097
9732098
9732099
9732101
9744155
9744368
9744379
9744856
9748388
9748389
9748390
9748391
9761211
9761204
9761212
9761205
9761213
9761206
9761214
9761207
9781286
9781287
9781288
9794544
9794545
9794546
9794547
9802859
9802860
9802861
9802901
9802902
9802903
9802904
9802905
9802906
9802907
9802908
9816748
9823780
9823781
9823782
9823786
9824386
9824387
9824399
9824400
9830628
9830629
9830630
9830631
9830632
9830633
9830634
9830635
9830636
9830637
9830638
9830639
9830640
9838690
9838691
9838692
9838693
9838702
9838707
9838708
9838709
9838724
9838725
9838726
9838727
9838728
9846864
9846865
9846866
9857555
9857556
9857557
9864272
9864273
9869468
9869469
9869470
9871181
9871183
9880466
9890743
9890744
9931715
9931716
9931717
9955653
9955644
9955654
9955645
9955655
9955646
9955742
9955736
9955743
9955737
9955744
9955738
9957459
9957460
9957461
9958533
9958539
9958534
9958540
10036354
10036356
10155844
10207642
10207643
10207644
10207663
10207664
10207707
10207708
10207710
10207711
10207712
10207746
10207747
10207749
10207754
10207755
10207756
10207757
10207758
10207759
10207760
10207761
10207762
10207763
10207764
10207765
10207766
10207767
10207768
10207769
10207770
10207771
10207772
10207773
10207774
10207775
10207776
10207777
10207778
10207779
10207780
10207781
10207782
10207783
10207784
10207785
10207786
10207787
10207788
10207789
10207790
10207791
10207792
10207793
10207794
10207795
10207796
10207797
10207798
10207799
10207800
10207801
10207802
10207803
10207804
10207805
10207806
10207807
10207808
10207809
10207810
10207811
10207812
10207813
10207816
10207818
10207823
10207824
10208691
10208709
10208711
10269272
10269273
10288126
10288127
10288128
10288129
10323380
10395772
10395773
10395774
10419551
10419552
10419553
10419554
10466816
10466818
10469750
10469732
10469741
10469751
10469733
10469742
10469752
10469734
10469743
10469753
10469735
10469744
10469754
10469736
10469745
10469755
10469737
10469746
10511690
10512042
10512043
10512044
10527962
10527963
10527964
10533297
10533298
10533299
10545079
10554997
10554998
10582614
10582615
10582616
10587374
10599161
10599151
10599362
10599352
10599363
10599353
10599364
10599354
10620779
10620783
10620784
10625581
10629864
10629865
10629866
10629868
10629869
10629870
10630937
10630938
10630939
10630940
10631108
10631109
10631110
10631342
10631343
10631344
10631514
10631515
10631516
10631517
10631518
10631519
10631520
10631521
10632474
10632475
10632476
10632477
10632478
10632479
10632480
10632481
10632482
10632483
10632484
10632485
10632486
10632487
10632488
10632489
10632490
10632491
10632492
10632493
10632494
10632495
10632496
10632497
10633361
10633362
10633363
10633364
10633365
10633366
10633367
10633368
10633369
10633370
10633371
10633372
10633373
10633374
10633375
10633376
10633377
10633378
10633379
10633380
10633381
10633382
10633383
10633384
10633385
10633386
10633387
10633388
10633389
10633390
10633391
10633392
10633393
10633394
10643595
10643596
10643597
10645129
10645956
10645962
10664049
10664050
10664051
10664052
10676485
10676487
10676497
10676554
10676555
10676556
10676592
10676593
10677916
10677917
10677918
10679517
10679518
10679519
10680084
10680085
10680086
10680950
10681033
10681038
10681039
10688223
10688224
10688225
10688229
10688230
10688231
10688820
10688821
10688822
10689909
10689910
10692245
10692248
10692249
10692290
10692292
10692293
10692294
10692314
10692316
10692317
10692318
10692319
10692326
10692327
10692328
10692337
10692344
10692368
10692369
10693843
10693845
10693846
10746484
10746485
10746486
10746487
10811227
10811228
10811229
10833254
10833255
10833261
10837625
10837626
10837627
10837628
10837629
10837630
8230540
10852331
10898894
10898895
10898901
10898954
10898955
10898956
10899115
10899116
10899117
10921868
10922928
10925243
10929311
10872354
10948172
10948173
1290087
1290078
1290088
1290079
11003713
11003714
11003715
11003716
11020431
11020432
11020433
11020434
11020435
11020436
11020437
11020438
11020439
11020440
11020441
11026945
11026946
11026947
11026948
11027080
11027081
11027082
11027194
11027195
11027196
11027199
11027200
11027201
11027202
11027203
11028435
11028436
11028497
11028498
11028499
11028666
11028667
11028668
11028669
11028670
11028671
11028672
11028673
11028674
11028675
11028676
11028677
11028678
11028679
11028680
11028681
11028682
11028683
11028684
11028685
11028686
11028687
11028688
11028689
11028804
11028805
11028916
11028976
11028977
11028978
11028979
11028980
11028981
11028982
11028983
11028984
11028985
11028986
11028987
11028988
11028989
11028990
11028991
11028992
11028993
11028994
11028995
11028996
11028997
11028998
11028999
11029000
11029001
11029002
11029003
11029004
11029005
11029006
11029007
11029008
11029009
11029855
11029856
11029857
11032449
11032450
11032451
11032452
11032453
11039656
11051360
11051361
11051362
11055206
11055207
11078086
11078088
11078105
11078114
11078116
11078119
11078120
11078121
11078123
6853607
6853735
6853736
11116965
11116966
11116967
11118389
11113158
11122873
11122874
11122875
11122876
11132249
11132250
11132251
11132252
11132253
11132254
11132255
11162083
11182172
11182166
11182173
11182167
11182174
11182168
11182175
11182169
11183728
11183717
11183729
11183718
11183730
11183719
11183751
11183739
11183752
11183740
11183753
11183741
11183758
11183746
11183759
11183747
11183760
11183748
11183783
11183767
11183784
11183768
11183785
11183769
11183923
11183910
11183924
11183911
11183925
11183912
11183926
11183913
11183927
11183914
11183928
11183915
11184475
11184430
11184476
11184431
11184477
11184432
11184478
11184433
11184479
11184434
11184480
11184435
11184481
11184436
11184482
11184437
11184483
11184438
11184484
11184439
11184485
11184440
11184486
11184441
11184487
11184442
11184488
11184443
11184489
11184444
11184490
11184445
11184491
11184446
11184492
11184447
11184493
11184448
11184494
11184449
11184495
11184450
11184496
11184451
11184497
11184452
11184498
11184453
11184499
11184454
11184500
11184455
11184501
11184456
11184502
11184457
11184503
11184458
11184504
11184459
11184505
11184460
11184506
11184461
11184507
11184462
11184508
11184463
11184509
11184464
11184510
11184465
11184511
11184466
11184512
11184467
11184513
11184468
11184514
11184469
11184515
11184470
11184516
11184471
11184517
11184472
11184518
11184473
11184519
11184474
11212293
11212297
11212298
11212299
11212300
11212301
11212302
11213797
11213798
11213799
11213801
11230722
11230723
11230724
11230725
11230726
11230727
11230728
11230745
11230746
11230747
11230752
11230758
11230759
11230760
11230761
11230762
11230763
11230824
11230825
11230826
11230942
11232588
11232589
11232590
11232591
11232606
11232607
11232608
11232617
11232622
11232623
11232624
11232625
11232626
11232627
11232628
11232629
11232640
11234926
11234927
11234928
11235709
11235700
11235712
11235703
11237137
11266490
11266491
11266492
11266493
11266494
11266495
11266496
11266497
11266498
11290504
11303275
11303286
11303287
11303288
11303329
11303330
11303331
11303332
11310405
11310406
11310407
11353310
11353304
11353311
11353305
11353312
11353306
11310323
11310324
11310325
11310326
7025966
7025967
7025968
11417208
11417209
11434595
11434596
11434597
11434598
11447029
11447030
11458202
11458203
11458204
11513736
11513737
11513738
11533121
11533122
11533123
11539816
11539817
11539818
11586371
11586378
11586372
11586379
11586373
11586380
11586374
11586381
11586375
11586382
11586377
11586384
11604324
11604325
11604326
11604327
11604328
11604329
11604330
11604331
11604348
11604349
11604350
11604351
11616205
11630250
11630251
11639323
11639325
11657415
11662070
11662071
11662072
11662073
11687420
11687809
11690944
11690945
11690946
11691117
11691118
11691119
11694963
11698067
11698336
11698415
11705338
11705339
11734001
11734259
11734260
11734549
11734540
11734550
11734541
11734551
11734542
11735503
11740318
11740321
11740322
11740326
11740327
11740328
11740329
11740338
11740344
11740514
11740523
11740529
11740540
11740547
11740559
11740567
11740593
11741441
11741444
11741445
11742012
11742013
11742749
11742750
11742751
11746246
11746247
11746248
11746249
11746257
11746258
11746259
11746260
11746269
11746270
11746271
11746272
11746273
11746274
11746275
11746276
11746311
11746312
11746313
11746319
11746320
11746321
11746353
11746354
11746355
11746361
11746362
11746363
11763874
11773007
11777663
11777665
11812884
11863209
11873302
11912116
11912117
11912118
11939670
11972511
11972512
11972513
12020125
12020126
12020127
12020128
12020129
12020130
12020131
12020136
12020137
12020138
12020145
12020146
12020147
12020148
12020149
12020150
12020151
12020152
12020153
12020154
12020155
12020156
12020157
12020158
12020159
12020160
12020161
12020162
12020163
12020164
12020166
12020167
12020168
12020169
12020170
12020171
12020172
12020173
12020174
12020175
12020176
12020177
12020178
12020179
12020180
12020181
12022052
12022053
12022054
12022055
12022056
12114557
12114560
12114561
12114565
12114566
12114567
12114568
12129550
12153985
12206380
12221569
12221570
12221608
12249960
12293001
12293002
12293004
12300850
12300851
12300852
12300855
12300856
12302336
12322151
12322152
12322153
12322154
12322155
12344222
12344223
12344224
12344645
12344646
12344647
12351650
12351651
12351652
12376720
12388110
12388105
12388100
12388111
12388106
12388101
12388112
12388107
12388102
12405521
12405522
12405523
12405524
12405539
12405540
12405541
12405550
12405555
12405556
12405557
12450223
12450224
12463029
12463030
12463031
12476416
12476417
12476418
12476419
12476503
12476504
12476505
12476506
12476509
12476510
12476511
12476516
12498948
12498934
12498949
12498935
12498950
12498936
12545166
12545167
12545168
12578815
12579934
12579935
12579936
12610180
12610181
12610183
12610224
12610225
12610238
12610239
12610240
12610241
12650244
12650245
12650247
12650248
12650252
12650255
12668200
12668202
12715709
12736030
12736031
12736032
12898763
12902603
12940426
12940427
12940428
12940897
12940898
12940899
12995414
12995415
12995416
13003653
13003654
13003655
13003672
13003673
13003674
13003713
13003714
13003715
13005462
13005615
13108441
13108442
13108443
13109497
13109498
13109499
13109500
13109506
13109507
13109509
13241110
13241113
13241114
13244142
13244143
13244144
13244145
13244146
13244147
13244148
13244149
13244150
13244151
13244152
13244153
13244154
13244165
13244166
13244167
13300505
13300506
13300507
13334068
13334072
13334179
13334180
13334184
13334185
13334186
13340393
13340394
13340399
13340416
13340417
13340418
13378640
13424180
13424186
13424183
13424181
13424187
13424184
13424182
13424188
13424185
13458895
13458896
13466795
13466796
13466797
13466798
13466799
13474384
13474385
13474386
13635411
13635412
13635413
13668016
13668008
13681706
13681714
13696227
13696228
13700150
13770006
13770007
13770008
13770009
13770035
13770036
13770040
13770041
13770042
13770044
13770045
13770046
13770047
13770057
13770058
13770059
13833327
13833329
13833330
13860441
13860442
13860443
13860480
13934979
13967144
13967145
13967146
13969140
14081873
14081874
14081875
14081878
14081879
14081880
14081881
14081882
14081883
14115274
14115275
14115282
14115283
14115284
14115291
14115292
14115293
14116833
14116834
14116835
14196227
14196237
14196848
14217828
14217829
14217830
14260911
7356015
14322560
14322561
14322562
14322563
14324030
14324031
14325574
14325575
14325576
14325577
14366163
14366165
14366166
14366168
14366169
14366170
14366171
14366172
14366173
14366174
14366175
14366176
14366177
14366178
14366179
14366180
14366181
14366182
14366183
14366184
14366185
14366186
14366187
14366188
14366189
14366190
14366191
14366192
14366193
14511833
14511834
14511835
14511836
14636378
14636380
14745358
8227313
10442927
8227314
10442928
8227315
10442929
9957458
13458894
240509
2323620
14885398
14885399
14885400
14885401
5163305
1545024
15038228
15038229
15038233
15038234
15038235
9277280
10694103
10694102
6892841
6892842
6892843
6892844
13378639
13378641
15224894
15224896
7173206
15265936
15265937
15265938
15265939
6262163
6262169
6262164
6262170
42844
174467
174468
174469
177128
177129
177130
185788
185789
213767
213768
213769
240510
240508
251023
251015
251024
251016
251025
251017
251026
251018
263536
263537
263538
278063
278057
278064
278058
278065
278059
327939
327933
343525
343518
343526
343519
346895
346896
346897
348725
348727
313067
416652
416654
428409
443165
443166
443167
444784
444785
444786
448763
448764
448765
462730
462742
462731
462743
462732
462744
462739
462751
462741
462753
468531
480799
480800
480801
484038
497151
503422
503423
516103
516104
516105
516106
516107
516109
518391
518385
518392
518386
518393
518387
518394
518388
532073
532075
544231
544233
581338
581339
581340
589091
589088
589092
589089
589093
589090
606449
606451
643888
650078
650072
650079
650073
660219
665979
665980
665989
665990
665991
670620
670621
670622
670626
670627
670628
674964
685762
685768
685763
685769
685764
685770
685765
685771
685766
685772
685767
685773
694884
694885
694886
735749
735750
750843
750844
750845
750846
768889
772632
772639
772768
772774
772775
772776
795873
795874
795875
795876
796030
816583
816584
816585
881621
881622
905494
905495
905496
905497
951962
951963
965291
965292
1024976
1024977
1024978
1058918
1058919
1058920
1058921
1058922
1058923
1086804
1112312
1112313
1138136
1138137
1142839
1142844
1147704
1147705
1147706
1155134
1155135
1155136
1172712
1172714
1187522
1187525
1187531
1187538
1207701
1207702
1207703
1229376
1229377
1229378
1234980
1234981
1234982
1234983
1234984
1234986
1238700
1256205
1256206
1256207
1256208
1256209
1256210
1256245
1256246
1256247
1262771
1262789
1262798
1262780
1262772
1262790
1262799
1262781
1262773
1262791
1262800
1262782
1262774
1262792
1262801
1262783
1270084
1271848
1271842
1271849
1271843
1271850
1271844
1292321
1292326
1292316
1549377
1549378
1549379
1575812
1575814
2010890
2042752
2042753
2042754
2042773
2042780
2136049
2136050
2136051
2136055
2136056
2399232
2399233
2399234
2403951
2403952
2537189
2587347
2733346
3140003
3718338
3844264
3844255
3844282
3844273
3844291
4249630
4249631
4249632
4264392
4264393
4441937
4648277
4713235
4859815
4859816
4859819
5205725
5272718
5374969
5374970
5374971
5374974
5374975
5375154
5419042
5433731
5499647
5548408
5548421
5604701
5717678
5932918
5932967
6129749
6136032
6251739
6421386
6425371
6504888
6504878
6504868
6550474
6707089
6793391
6843060
6843061
6843115
6930892
7008179
7137225
7137226
7137227
7137229
7137231
7458558
7458578
7481075
7497489
7528126
7549250
7639798
7677565
7677580
7677595
7677610
7677571
7677586
7677601
7677616
7736554
7822982
7823017
7823020
7948231
8020488
8020506
8049019
8049021
8049022
8049708
8049709
8482594
8588597
8588584
8884553
8884554
8886305
8886306
8886307
8886311
8896216
8968124
9007851
9025391
9076511
9076513
9219558
9219607
9469570
9469571
9469572
9478588
9503803
9595682
9599218
10186853
10221095
10295637
10295638
10295639
10295640
10520516
11040384
11305433
8956478
11404529
11404547
11547620
11728153
11871523
11871539
11871746
12060551
12113450
12113451
12190061
12190063
12190242
12190243
12265605
12412749
12631444
12911101
12911102
13003790
13003792
13172616
13700752
14632816
14632817
6499274
148064
211861
331292
372101
444105
567444
677485
677478
677488
677481
880958
880949
926065
1294682
14329375
9890833
9890834
9890835
9890836
9890837
9890838
9890839
9890840
9890841
9890842
9890843
9890844
9890845
9890846
9890847
9890848
9890849
9890850
9890851
9890852
9890853
9890854
9890855
9890856
10326790
10326791
10326792
10326793
10326794
10326795
10326796
10326797
10326798
10326799
10326800
10326801
10326802
10326803
10326804
10326805
10326806
10326807
10326808
10326809
10326810
10326811
10326812
10326813
408242
408266
408243
408267
408244
408268
408245
408269
408246
408270
408247
408271
408248
408272
408249
408273
408250
408274
408251
408275
408252
408276
408253
408277
408254
408278
408255
408279
408256
408280
408257
408281
408258
408282
408259
408283
408260
408284
408261
408285
408262
408286
408263
408287
408264
408288
408265
408289
1107064
1107065
1107066
1107067
1107068
1107069
1107070
1107071
1107072
1107073
1107074
1107075
1107076
1107077
1107078
1107079
1107080
1107081
1107082
1107083
1107084
1107085
1107086
1107087
1508576
1769901
1769902
1769903
1769904
1769905
5220499
5221523
5435761
5528619
5528620
5528621
5528622
5528623
5528624
5772454
6293088
6521381
6521389
6747990
6748015
7022964
7973839
7973843
7973844
8424457
8747111
8747112
8747113
8747115
8896075
8896076
8914165
8914166
9030192
9037512
9696877
9696853
10575775
10575776
10575777
10575778
10575779
10575780
11145244
11166432
11110364
11110374
12207751
13511252
14454025
8936691
191547
528092
528093
528094
528095
528097
799033
799034
799035
799036
799037
799038
1779052
1779055
1779053
1779056
4154510
4154513
4154516
4154511
4154514
4154517
4154512
4154515
4154518
9099639
225811
225805
225812
225806
225813
225807
1387707
1387701
5411785
5592487
5592503
9276937
9276938
9276939
9276940
9276941
9276942
9276943
9276944
9276945
9276946
9276947
9276948
9276949
9276950
9276951
9276952
9276953
10019194
10493386
11040422
10197674
11609769
12060564
12947554
695920
12693326
12705651
12705652
12705653
12705654
12805029
12805030
12805031
12805032
4695386
5244213
7963926
8871278
8882557
8886626
8887217
9104651
10872964
11282285
11295544
11299021
12287598
12302662
12709144
12678261
14403448
6742939
6742997
6742968
6742940
6742998
6742969
6742941
6742999
6742970
6742945
6743003
6742974
6742946
6743004
6742975
6743065
6743066
6743067
6743068
6743069
6743070
6743071
6743072
7386971
7386982
7386993
7386972
7386983
7386994
7386973
7386984
7386995
7386974
7386985
7386996
7386975
7386986
7386997
7386976
7386987
7386998
7386977
7386988
7386999
7386978
7386989
7387000
9277541
9277542
9277543
9277544
9277545
9277546
9277547
9277548
10024643
10024644
10024645
10024646
10024647
10024648
10024649
10024650
11031165
11031168
11031169
11031171
11031172
12463041
12463044
12463045
12463046
4632662
12205240
307843
14334313
14334314
14334315
11119025
11119026
11119027
11119030
11119031
11119032
14557086
14557087
14557088
14557089
14557539
14557540
14557541
14557522
14557523
14557524
14557525
14557526
14557174
14557090
14557091
11980026
787599
11028208
12406815
14642034
14642035
14642046
1465477
1666913
2051792
3030645
3657694
3988244
4450851
5123432
5271037
6421334
7307296
8001360
9270956
11591041
11871980
367570
1282723
11980024
11988296
11988297
12376571
12466771
12466778
13073022
13765927
13765919
13759168
13073083
2428977
2428948
2428982
2428953
2428985
2428956
2428990
2428961
2428998
2428969
2428999
2428970
2429000
2428971
2429001
2428972
2429002
2428973
2429057
2429022
2429064
2429029
2429065
2429030
2429066
2429031
2429069
2429034
2429070
2429035
2429071
2429036
2429072
2429037
2429073
2429038
2429074
2429039
2429076
2429041
2429078
2429043
2429079
2429044
2429080
2429045
2429087
2429052
2429088
2429053
2429089
2429054
2429091
2429056
5726958
5726965
5726970
5726979
5726980
5726981
5726982
5726983
5726984
5726996
5726997
5726998
5726999
5727000
5727001
5727003
5727005
5727006
5727007
5727013
5727014
5727015
5727017
6040925
6040931
6040933
6040934
6040935
6892141
6892148
6892149
6892150
6892153
6892154
6892155
6892156
6892157
6892160
6892162
6892163
6892164
6892171
6892172
6892173
6892175
10321582
10321584
10619523
10619528
10619531
10619536
10619544
10619545
10619546
10619547
10619548
12633274
12633275
12633276
12633277
12633278
12633282
12633291
12633292
11523979
11523980
11523981
11523982
11523983
11523984
11523992
11523999
11524000
11524001
13599183
12633261
12201053
12201085
12201021
12201056
12201088
12201024
12201057
12201089
12201025
12201059
12201091
12201027
12201060
12201092
12201028
12201062
12201094
12201030
12201063
12201095
12201031
12201065
12201097
12201033
12201066
12201098
12201034
12201067
12201099
12201035
12201068
12201100
12201036
12201070
12201102
12201038
12201072
12201104
12201040
12201074
12201106
12201042
12201075
12201107
12201043
12201077
12201109
12201045
12201078
12201110
12201046
12201458
12201434
12201465
12201441
12222387
12222388
12222389
12242281
12242282
12253810
12253954
12256045
12782916
12782923
13192394
14920203
13998809
13998814
13998815
13998816
13998818
13998819
13998820
13998821
13998822
13998823
13998824
13998825
13998826
13998828
1708046
1708047
1708048
1708049
1708082
1708083
1708084
1708085
1786707
1786708
1786709
1982175
1982179
2052982
2052983
2052984
2052985
2052986
2052987
2326314
2326315
2326316
2326317
2363856
2363863
2448692
2448693
2448694
2448695
2916840
14827930
14827931
14827934
14827936
14827938
3543474
3543488
3783518
4214914
4214915
4214916
5219476
5219477
5219478
5219479
5310933
5310934
5445228
5445229
5445230
5445231
5445237
5445238
5445239
5445240
5445241
5445242
5766746
5766758
5766747
5766759
5815330
6445244
6445245
6445246
6445247
6445249
6445250
6870718
6870719
6870720
6870736
6870737
6870738
6870739
6870740
6870741
6870742
6927201
6927202
6953460
7023179
7428830
7428831
7428832
7428833
7553463
8011382
8011383
8011384
8030323
8030324
8030325
8030326
8030327
8030328
8030329
8030330
8275148
8275149
8275150
8275151
8275152
8275153
8275154
8275155
8549114
8549115
8549116
8549117
8549119
8549120
8579114
8579115
8579116
8807648
8807649
8807650
8807748
8807749
8807750
8807751
8807752
8807753
8807754
8807755
8882890
8882891
8884449
8884450
8887212
8945992
8945998
9025097
9025098
9025099
9137741
9137742
9137743
9137744
9356662
9356663
9425670
9425671
9425672
9425673
9668810
9817264
9817265
9817266
9817267
9817268
9817269
9817270
9817411
9985407
9985416
9985408
9985417
9985409
9985418
9985410
9985419
9985411
9985420
9985412
9985421
9985413
9985422
10431683
10431684
10431685
10431686
10431687
10431688
10475080
10590366
10590367
10590368
10590369
10631216
10810429
10810430
10810431
10810432
10810529
10810530
10810560
10810561
10810562
10810563
10810564
10810565
11003717
11003718
11003719
5310920
5310921
5310922
11146181
11146182
11146183
11149075
11149076
11149077
11149078
11149079
11149080
11270179
11270180
11270182
11301999
11352476
11352477
11352478
11352479
11352480
11352481
11352482
11352483
11672023
11672024
11672025
11672026
11672028
11672029
11728151
11746623
11746624
11746625
11746660
11746661
11746630
11781725
11781726
11781727
11781728
11781729
11781730
11781731
11870929
11870930
11870931
11870986
11870987
11870989
11870991
11870992
11870993
11871101
11871102
11871103
11871104
11871111
11871187
11871214
11871238
11871239
11871240
11871241
11871242
11871243
11871244
11871407
11871503
11871897
11871887
11871902
11871903
11871904
11871920
11871921
11871922
11871923
11871944
11871945
11871946
11871947
11871952
11871988
11872010
11872011
11872012
11872013
11872014
11872015
11872016
11872017
11872037
11872038
11872039
11872040
11872055
11872070
11873276
11873307
11873317
11873433
11875948
11875949
11875950
11875952
11875953
11876124
11876125
11876126
11876127
11876136
11876137
11876138
11876139
11876140
11876141
11877698
11877699
11877701
11893552
11893553
11893554
11893777
11893778
11893779
11898561
11898562
11898565
11898566
11898567
11898568
11898671
11898672
11898673
11898674
11899464
11899465
11899466
11899468
11899469
11899470
11899472
11899473
11899474
11899476
11899477
11899478
12024851
12024852
12024855
12024856
12395470
12703573
12703574
12703575
13072868
13150520
13150521
13150644
13150645
13150646
13216439
13216440
13216441
13216442
13216443
13216444
13216445
13565137
13565138
13565139
13565140
13565141
13565142
13565143
13565144
13759165
13968052
13968053
13968054
14288867
14288868
14288869
14703701
14768723
14948378
14948379
14948380
14948383
14948384
13982128
182562
182563
182564
182565
182566
182567
182568
182569
482233
482234
482235
482236
482237
482238
484024
669538
691956
691957
724257
724258
724259
724260
724261
724262
725376
725378
10501151
11507517
11591090
12838133
148071
14453932
15084776
12705996
12720549
12720534
12720519
12720504
12720489
12720550
12720535
12720520
12720505
12720490
12720551
12720536
12720521
12720506
12720491
12720552
12720537
12720522
12720507
12720492
12720553
12720538
12720523
12720508
12720493
12720554
12720539
12720524
12720509
12720494
12720555
12720540
12720525
12720510
12720495
12720556
12720541
12720526
12720511
12720496
12720557
12720542
12720527
12720512
12720497
12720558
12720543
12720528
12720513
12720498
12720559
12720544
12720529
12720514
12720499
12720560
12720545
12720530
12720515
12720500
12720561
12720546
12720531
12720516
12720501
12720562
12720547
12720532
12720517
12720502
12720563
12720548
12720533
12720518
12720503
1397648
1433605
1433608
1433609
1579866
1579869
1579871
1579872
1579880
1754215
2196463
2196464
2574693
2740750
2938767
3104984
3841170
3841172
3841173
3841174
4613210
4673376
4673379
4673380
4673382
4673383
4673385
4673386
4673388
4673389
4673390
4673391
4673393
4673395
4673397
4673398
4673400
4673401
5222761
5325007
5433824
5433808
5433829
5433813
5433968
5433951
5433969
5433952
5433970
5433953
5433971
5433954
5433973
5433956
5433984
5433967
5434222
5434223
5565645
5639176
5639177
5639178
5639179
5639180
5639181
5639182
5639183
5639184
5639185
5639186
5639187
5639188
5639189
5639190
5639191
5639192
5639193
5639194
5639195
5639196
5639197
5798782
5798794
5801090
6307124
6307125
6425367
6436574
6436575
6686168
6739824
6739825
6739826
6739827
6739828
6739829
6739830
6803123
6803124
6803125
6803126
6803127
6803128
6803129
6811953
6811938
6811923
6811954
6811939
6811924
6811955
6811940
6811925
7051096
7071485
7494198
7494200
7494201
7494202
7494203
7494204
7494205
7494206
7494207
7494208
7494209
7494319
7494320
7494321
7494323
7494324
7525636
7525643
7680474
7680491
7680508
7680525
7680481
7680498
7680515
7680532
7680482
7680499
7680516
7680533
7680486
7680503
7680520
7680537
7823002
7834635
7834636
7901224
7944398
7944418
8057418
8364739
8836596
8836597
8836598
8885197
8885199
8944295
9048570
9048608
9049091
9049823
9225498
9383193
9504419
9504400
9504420
9504401
9504421
9504402
9504422
9504403
9504423
9504404
9504429
9504410
9504430
9504411
9504431
9504412
9504432
9504413
9674467
9677058
10139596
10171071
10171116
10327209
10526550
10583710
10729799
11146917
11176397
4451138
11223507
11285021
11303669
6904172
11591045
11608667
11671995
11671996
11739413
11739414
11739415
11739416
11739417
11739418
11741589
12166813
12166823
12166824
12166830
12307296
12498785
12498768
12498786
12498769
12498787
12498770
12498788
12498771
12498789
12498772
12498790
12498773
12498791
12498774
12625375
12625368
12849711
12849712
12849713
12851915
12851916
12851917
12851918
12851919
12851920
12851921
12851922
12851923
12851924
12851925
12851926
12851927
12851928
12851929
12851930
12851931
12851932
12851933
12851934
12851935
12851936
12851937
12851999
12852000
12852001
12852003
12852007
12852009
12852010
12852011
12852012
12852013
12852014
12852015
12852016
12852017
12852018
12852060
12852045
12852061
12852046
12852062
12852047
12852063
12852048
12852064
12852049
12852065
12852050
12852066
12852051
12852067
12852052
12852068
12852053
12852069
12852054
12852070
12852055
12852071
12852056
12852072
12852057
12852073
12852058
12852095
12852096
12852097
12852098
12852099
12852100
12852101
12852102
12852103
12852104
12852105
12852106
12852107
12852108
12852109
12852110
12852111
12852112
12852113
12852114
12852115
12852116
12852117
12852699
12974336
13124182
13343798
13343799
13673433
13903906
13934975
14490621
14503302
14535421
14535424
14535425
14535427
14535428
14535430
14535431
14535433
14535434
14535435
14535436
14535438
14535440
14535442
14535443
14535445
14535446
14631399
14643166
14649268
14649280
14649269
14649281
14649270
14649282
14649271
14649283
14649272
14649284
14649273
14649285
14649274
14649286
14649275
14649287
68432
447948
559418
630342
630343
660549
660550
660551
683401
873649
15162940
15162941
15162942
12215800
1543524
2733350
2856317
3150017
3688372
4633919
4633920
5545883
5545884
5928810
5928803
6004801
6004811
6004791
6004802
6004812
6004792
6842498
6954731
7415159
7494074
7601622
7632324
7632325
8405335
8860224
9026701
9026702
9073769
12069851
12721213
12721214
147166
147167
505427
10131599
13026442
13026450
13026451
13026452
13026453
13026454
13026455
13026456
13026457
13759157
13839386
13839387
13839389
13839390
13839391
13882821
13882838
14581145
14581146
14692237
14960294
14960297
15224548
7006883
7006884
7006885
7006886
7006887
7006888
7006889
1553526
5434076
5434061
5434225
6053371
6427053
6427066
6812090
6812070
6812050
9045635
9045636
9049034
9049213
9049921
14834725
10301741
11303246
11303237
11671998
12409049
12462719
12462721
12462722
12462726
12462731
12462753
12498901
12498890
13005619
630345
13764043
13764044
13764046
13764047
13764048
13764049
13764050
13864379
13864380
13864382
13864383
13864384
13864385
13864386
11838570
11838571
11668999
1589967
3522969
3522970
3522971
4161494
4842026
4842027
4842029
4963014
6261737
6376844
6376845
6376846
6376847
6638499
6638500
6638501
6638502
6638503
6638505
6638506
6685425
6685427
6685428
6686219
6686223
6688499
6688500
6688501
6688502
6689163
6689164
6689165
6689509
6699668
6699670
6734974
6759973
6759958
6759943
6759975
6759960
6759945
6759976
6759961
6759946
6759980
6759965
6759950
6759981
6759966
6759951
6759982
6759967
6759952
6759983
6759968
6759953
6802894
6803403
6803404
6803405
6803406
6803562
6803552
6803542
6917120
7496647
7496648
7496649
7496650
8480210
8480211
8480213
9014668
9014669
9014670
9014671
9017987
9136232
9136233
9136235
9668808
9764768
9771184
9771185
9771187
10305580
10305581
10631237
10754568
10754569
10754570
10754571
11322554
11322875
11322864
11705619
11705620
12221360
12498706
12498695
12498927
12498914
12498928
12498915
12498929
12498916
12498930
12498917
1529358
1529359
1529360
1529361
1529362
2443956
2443957
2443958
2443959
2443961
2443962
2443963
2443964
2443965
2443966
2443967
4046304
4046292
4046305
4046293
4046307
4046295
4046309
4046297
4046310
4046298
4046311
4046299
4046312
4046300
4046313
4046301
4046314
4046302
4046315
4046303
5176214
5176202
5176238
5176226
5176250
5176215
5176203
5176239
5176227
5176251
5176216
5176204
5176240
5176228
5176252
5176217
5176205
5176241
5176229
5176253
5176218
5176206
5176242
5176230
5176254
5176219
5176207
5176243
5176231
5176255
5176220
5176208
5176244
5176232
5176256
5176221
5176209
5176245
5176233
5176257
5176222
5176210
5176246
5176234
5176258
5176223
5176211
5176247
5176235
5176259
5176224
5176212
5176248
5176236
5176260
5176225
5176213
5176249
5176237
5176261
7859994
7859968
7859981
7859995
7859969
7859982
7859997
7859971
7859984
7859999
7859973
7859986
7860000
7859974
7859987
7860001
7859975
7859988
7860002
7859976
7859989
7860003
7859977
7859990
7860004
7859978
7859991
7860005
7859979
7859992
8269602
8269614
8269626
8269638
8269650
8269603
8269615
8269627
8269639
8269651
8269604
8269616
8269628
8269640
8269652
8269605
8269617
8269629
8269641
8269653
8269606
8269618
8269630
8269642
8269654
8269607
8269619
8269631
8269643
8269655
8269608
8269620
8269632
8269644
8269656
8269609
8269621
8269633
8269645
8269657
8269610
8269622
8269634
8269646
8269658
8269611
8269623
8269635
8269647
8269659
8269612
8269624
8269636
8269648
8269660
8269613
8269625
8269637
8269649
8269661
9432307
9432308
9432309
9432312
9432313
9432314
9432315
9432316
9432317
9432318
9432319
9493484
9493485
9493486
9493487
9493488
9611793
9611805
9611796
9611808
9611797
9611809
9611799
9611811
9611802
9611814
9611803
9611815
9611804
9611816
9657096
9657108
9657097
9657109
9657098
9657110
9657100
9657112
9657101
9657113
9657102
9657114
9657103
9657115
9657104
9657116
9657105
9657117
9657106
9657118
9657107
9657119
10528328
10528329
10528330
10528331
10528332
10631209
10679670
10679671
10679672
10679673
10679675
10679676
10679677
10679678
10679679
10679680
10679681
6190072
6190073
6190074
6190075
6190076
6190077
6190078
6190079
6190080
6190081
6190082
6190083
11315489
11315490
11315491
11315492
11315493
11315494
11315495
11315496
11315497
11315498
11315499
11315500
501915
501921
501924
501925
501926
11462210
11462211
11462212
11462214
11462215
11462216
11462217
11462218
11462219
11462220
11462221
12148851
12186060
12186061
12186062
12186064
12186065
12186066
12186067
12186068
12186069
12186070
12186071
12351716
12351717
12351718
12351719
12351721
12351722
12351723
12351724
12351725
12351726
12351727
12902366
12902367
12902368
12902369
12902370
12902371
12902372
12902373
12902374
12902375
12902376
12902377
14407114
14407115
14407116
14407117
14407119
14407120
14407121
14407122
14407123
14407124
14407125
14469685
14469686
14469687
14469688
14469689
14469690
14469691
14469692
14469693
14469694
14469695
14469696
14517026
14517027
14517029
14517035
14517036
14517037
12633248
12633249
12633250
12633251
12633252
12633253
12633254
12633255
12633256
12633257
12633258
12633259
15085131
220332
220344
220356
220368
220333
220345
220357
220369
220334
220346
220358
220370
220335
220347
220359
220371
220336
220348
220360
220372
220337
220349
220361
220373
220338
220350
220362
220374
220339
220351
220363
220375
220340
220352
220364
220376
220341
220353
220365
220377
220342
220354
220366
220378
220343
220355
220367
220379
301430
301431
301432
301433
301435
301436
301437
301438
301439
301440
301441
394181
394223
394202
394183
394225
394204
394186
394228
394207
394187
394229
394208
394189
394231
394210
394190
394232
394211
394191
394233
394212
394192
394234
394213
802646
802658
802634
802647
802659
802635
802648
802660
802636
802649
802661
802637
802651
802663
802639
802652
802664
802640
802653
802665
802641
802654
802666
802642
802655
802667
802643
802656
802668
802644
802657
802669
802645
857887
857899
857888
857900
857889
857901
857890
857902
857892
857904
857893
857905
857894
857906
857895
857907
857896
857908
857897
857909
857898
857910
1103359
1103360
1103362
1103363
1103365
1103366
1103368
1103369
1103370
12297736
12297737
12297738
12926668
15228172
15087855
15087856
15087857
15087858
15087859
15087860
15087862
11285403
13333006
1323520
1323521
1323536
1344984
1344987
1344988
1344989
1344991
1344993
1344994
1344995
1344997
1345001
1345002
1345010
1345013
1345015
1373082
1373104
1373083
1373105
1373084
1373106
1373085
1373107
1373086
1373108
1373088
1373110
1373089
1373111
1373090
1373112
1373091
1373113
1373092
1373114
1373093
1373115
1373094
1373116
1386832
1387527
1388714
1424289
1424290
1424292
1424293
1424294
1424296
1424298
1424299
1424300
1424301
1424302
1424304
1424305
1424306
1424321
1424322
1424323
1424324
1424325
1424326
1424327
1424328
1424329
1424330
1424331
1424332
1424333
1427866
1437768
1440198
1479163
1492689
1492690
1492691
1492692
1518253
1551152
1569978
1579877
1861604
1932964
2098220
2250882
2343789
2513773
2521726
2521728
3104501
3226712
3226721
3226714
3226723
3226716
3226725
3407696
3407714
3539038
3539039
3539040
3539041
3539042
3658650
3686847
4048867
4130676
4658027
4682800
4682801
4682802
4682803
4682806
4682807
4682808
4682819
4682821
4682822
4682909
4682910
4682911
4682912
4773927
4965994
5071064
5234478
5234518
5234479
5234519
5234480
5234520
5234483
5234523
5234484
5234524
5234485
5234525
5379490
5433598
5433566
5433600
5433568
5433601
5433569
5433602
5433570
5433603
5433571
5433607
5433575
5433608
5433576
5433609
5433577
5434230
5434425
5434426
5434427
5447111
5447112
5447113
5447114
5447115
5452755
5452756
5452757
5452758
5452759
5452760
5452761
5452777
5452778
5452779
5475788
5475789
5475791
5475792
5475793
5475794
5475795
5475796
5475797
5475798
5475799
5475800
5523153
5523155
5579105
5579106
5579107
5579108
5622573
6029132
6029133
6029134
6029144
6029145
6029146
6029147
6029149
6029150
6049748
6251740
6277266
6277268
6277269
6277270
6302053
6302054
6302055
6302056
6302060
6302061
6302062
6341271
6341272
6341273
6341274
6341275
6360534
6385513
6602477
6735081
6774937
6774908
6774938
6774909
6774939
6774910
6774940
6774911
6774941
6774912
6774942
6774913
6774943
6774914
6786475
6786476
6786477
6786478
6873276
6925682
6925684
6971799
6971800
6971801
6971802
6971806
6971807
6971808
7026256
7026247
7026258
7026249
7026259
7026250
7026260
7026251
7222805
7259738
7259739
7259740
7259741
7288782
7309376
7398513
7435563
7705499
7725115
7725116
7725117
7745161
7745162
7745163
7745164
7745165
7745166
7745167
7745168
7745169
7745170
7745171
7745172
7745173
7758169
7771828
7771829
7771830
7771831
7771833
7771834
7923202
7943006
7943015
7944396
7944416
7999798
8005404
8007437
8007438
8007439
8046718
8046709
8046719
8046710
8046720
8046711
8046721
8046712
8046722
8046713
8050782
8050784
8050785
8075104
8086774
8086775
8086777
8086778
8086779
8086782
8086784
8086785
8086786
8086787
8086791
8086792
8086793
8101749
8101750
8101751
8101752
8101753
8101754
8101755
8101756
8101757
8101758
8101759
8101760
8101761
8176662
8226382
8226415
8273905
8338214
8404149
8434958
8435002
8479303
8479304
8479305
8479306
8529780
8529782
8529783
8529785
8529786
8529787
8529788
8529789
8529790
8529791
8529792
8529941
8529942
8529944
8529945
8529946
8529948
8529950
8529951
8529952
8529953
8529954
8529956
8529957
8529958
8533599
8533600
8533601
8533604
8533605
8533606
8873423
8914412
8914413
9039287
9039290
9043773
9043774
9043775
9043776
9044995
9044996
9044997
9044998
9049930
9146439
9146440
9146441
9146442
9146446
9146447
9146448
9176075
9211653
9211654
9211655
9211656
9211657
9307364
9356690
9356693
9356694
9356695
9356697
9356699
9356700
9356701
9356707
9356708
9356716
9356719
9356721
9419460
9496131
9496132
9496133
9496134
9496135
9602645
9602646
9602647
9602648
9602649
9642863
9654179
9654180
9654181
9654182
9654183
9656808
9656809
9656810
9701053
9702360
9702361
9702362
9702408
9702409
9702411
9702412
9702413
9732179
9732180
9732181
9732182
9768045
9770661
9790793
9806217
9810116
9842587
9842588
9842589
9842590
10035054
10053197
10053174
10053199
10053176
10053200
10053177
10160047
10160048
10160050
10160051
10160052
10160055
10160057
10160058
10160059
10160060
10160061
10160063
10160064
10160065
10186841
10193737
10193738
10193741
10193742
10234751
10234753
10327973
10327997
10493392
10526552
10549962
10549963
10549965
10549966
10549967
10549969
10549973
10558291
10558292
10558293
10558294
10640594
10640595
10640596
10640597
10646100
10646101
8230542
10878833
10878834
10878835
10878836
10880093
10880095
10880096
10880097
10880098
10880102
10880103
10880104
10887062
10887063
10887064
10887065
10887081
10887082
10887083
10887084
1142650
1142651
1142652
1142653
1142655
1142656
1142657
1142658
1142659
1142660
1142661
1142662
1142663
1142665
11207604
11207573
11207606
11207575
11207612
11207581
11207614
11207583
11207618
11207587
11207622
11207591
11207624
11207593
11207625
11207594
11207626
11207595
11207627
11207596
11207628
11207597
11207629
11207598
11207630
11207599
11207631
11207600
11207632
11207601
11207633
11207602
11207634
11207603
11232065
11232033
11232067
11232035
11232068
11232036
11232069
11232037
11232070
11232038
11232074
11232042
11232075
11232043
11232076
11232044
11547615
11672242
11672243
11672244
11672245
11672246
11672247
11672248
11746394
11746395
11746396
11746401
11746402
11746403
11831020
11831022
11831023
11831024
11831088
11831089
11831090
11831091
11831092
11831116
11831117
11831118
11831119
11831120
11835191
11835197
11835206
11835198
11835207
11835199
11835208
11835200
11835209
11835201
11835210
11871898
11871888
11873384
11976076
11976110
11976042
11976077
11976111
11976043
11976078
11976112
11976044
11976079
11976113
11976045
12041764
12221346
12229852
12229853
12229855
12229856
12229857
12229859
12229861
12229862
12229863
12229864
12229865
12229868
12229869
12229870
12233300
12233301
12233302
12233303
12233314
12233315
12233318
12233319
12233320
12240951
12278792
12278793
12462851
12462852
12462853
12462854
12462965
12462966
12462967
12462968
12671217
12671218
12671219
12671221
12671222
12671223
12671225
12671226
12671227
12671228
12671229
12671231
12671235
12944380
12944381
12944382
12944383
12992545
13174836
13174837
13174838
13174839
13174843
13174844
13174845
13943752
13943758
14194017
14194019
14410024
14410025
14410026
14410027
14410029
14410030
14454949
14454950
14454951
14454954
14454955
14454956
14958514
14958515
14958516
14958517
14958518
14958519
14958520
14977001
510746
520272
554278
554279
584341
589356
639361
639362
639363
639364
639365
639366
639367
829235
829269
1111491
1173383
14682150
11134266
11134268
11134269
11134270
11566158
12940516
12940519
12940521
2107863
11893309
11893310
11893311
11893312
11893313
11893314
491821
491822
491823
491824
491825
1397647
1772285
1772317
1772301
1772269
1772286
1772318
1772302
1772270
1772287
1772319
1772303
1772271
1772288
1772320
1772304
1772272
1772290
1772322
1772306
1772274
1772291
1772323
1772307
1772275
1772292
1772324
1772308
1772276
1772293
1772325
1772309
1772277
1772294
1772326
1772310
1772278
1772295
1772327
1772311
1772279
1772296
1772328
1772312
1772280
2086228
2086236
3428149
3428150
3428151
3428152
3428153
3428154
3428155
3428156
4351563
4351577
4351564
4351578
4351565
4351579
4351566
4351580
4351567
4351581
4351568
4351582
4351569
4351583
4351570
4351584
4475249
4475264
4475279
4475251
4475266
4475281
4475252
4475267
4475282
4475255
4475270
4475285
4644812
5480014
5506577
5506580
5506581
5506582
5752295
5752308
5752316
6277387
6329294
6329275
6405452
6478879
6478849
6478834
6478894
6478864
6478880
6478850
6478835
6478895
6478865
6478881
6478851
6478836
6478896
6478866
6478882
6478852
6478837
6478897
6478867
6478883
6478853
6478838
6478898
6478868
6478884
6478854
6478839
6478899
6478869
6478885
6478855
6478840
6478900
6478870
6478886
6478856
6478841
6478901
6478871
6478887
6478857
6478842
6478902
6478872
6478888
6478858
6478843
6478903
6478873
6478889
6478859
6478844
6478904
6478874
6478890
6478860
6478845
6478905
6478875
6478891
6478861
6478846
6478906
6478876
6478892
6478862
6478847
6478907
6478877
6478893
6478863
6478848
6478908
6478878
6481187
6481154
6481165
6481198
6481176
6481188
6481155
6481166
6481199
6481177
6481189
6481156
6481167
6481200
6481178
6481190
6481157
6481168
6481201
6481179
6481191
6481158
6481169
6481202
6481180
6481192
6481159
6481170
6481203
6481181
6481193
6481160
6481171
6481204
6481182
6481194
6481161
6481172
6481205
6481183
6481195
6481162
6481173
6481206
6481184
6481196
6481163
6481174
6481207
6481185
6481197
6481164
6481175
6481208
6481186
6907623
6907624
6907625
6907626
6907627
6962458
6962461
7107544
7107545
7107546
7107547
7107548
7107549
7107550
7107551
7180090
7180075
7180060
7180091
7180076
7180061
7180092
7180077
7180062
7180093
7180078
7180063
7180094
7180079
7180064
7180095
7180080
7180065
7180096
7180081
7180066
7180098
7180083
7180068
7180101
7180086
7180071
7180102
7180087
7180072
7180134
7180123
7180112
7180135
7180124
7180113
7180137
7180126
7180115
7180138
7180127
7180116
7180139
7180128
7180117
7180141
7180130
7180119
7180143
7180132
7180121
7186856
7186857
7186858
7186859
7186860
7186861
7186862
7186863
7339720
7339698
7388187
7546938
7546940
7546941
7546942
7546943
7546947
7546948
7688522
7688542
7688526
7688546
7688527
7688547
7688534
7688554
7739449
7739450
7739453
8478621
9233280
9233281
9233282
9417811
9417812
9417813
9417814
9417815
9417816
9417817
9417818
9417819
9417820
9417821
9506300
9506302
9506303
9506307
9661736
9661747
9661755
9673107
9673108
9673109
9673110
9673111
9673112
9744985
9744986
9744987
9744988
9744989
9852079
9852080
9852082
10139750
10139754
10139756
10139757
10321446
10321448
10321449
10321450
10321451
10321452
10321453
10781272
10781273
10781274
10781275
10781276
10781280
10781281
10781283
10781284
10781285
10781286
10781287
11111562
11145241
11145243
11321584
11321585
11321586
11321587
11321588
11321589
11321590
11321591
11537964
11537965
11537966
11537967
11537968
11537969
11537970
11537971
11537972
11537973
11537974
11537975
11537976
11537977
11537978
11712050
11712058
11789935
11849173
11849176
11849177
11849178
11849192
11849193
11849194
11849195
11849196
11849197
11849198
11923280
12194326
12953153
12953156
12974467
12974469
12974471
12974472
12974473
12974474
13730354
13730356
13730360
13730366
13934495
13934497
13934498
13934499
13934500
13934501
13970555
13970558
13970559
13970560
14190961
14190963
14190964
14197781
14245991
14729849
14729853
14729855
14729856
14960373
14960374
14960375
14960376
14960377
14960378
14960379
14960381
14960384
14960385
14960388
14960389
14960391
14960392
14960393
14960395
14960397
290415
290416
290417
290418
290419
290420
290421
290422
656264
656498
656474
656522
656450
656546
6398840
7594812
8284656
8312965
12574559
14498457
622015
1310486
1310487
1376844
1376845
1376847
1376848
1376849
1376850
1376851
1376852
1376853
1376854
1376857
1376858
1399099
1399103
1403867
1403868
1403870
1403871
1403872
1403874
1415709
1415711
1439209
1443447
1446972
1453175
1453176
1453177
1453178
1453179
1453180
1453181
1453182
1453183
1453184
1453185
1453186
1453187
1453188
1453189
1453190
1453191
1453192
1453193
1453194
1453195
1453196
1453197
1453198
1463776
1463777
1463778
1463780
1463781
1463783
1463784
1463785
1515220
1515240
1515244
1515245
1516387
1516388
1579091
1586849
1590085
1603475
1603477
1605945
1607257
1607338
1607340
1607341
1607342
1607343
1607345
1607346
1607348
1652826
1652827
1673678
1680885
1680887
1680891
1694084
1694090
1707426
1707427
1707428
1707430
1707431
1707432
1707434
1707435
1707436
1758433
1758443
1758580
1758581
1758582
1758583
1758584
1758585
1758586
1758587
1758588
1758589
1758591
1758592
1758593
1758594
1758595
1758596
1758597
1758598
1758599
1758600
1758602
1758603
1766795
1766804
1789115
1867000
1958726
1960716
1960706
1960717
1960707
1960718
1960708
1960719
1960709
1960720
1960710
1960721
1960711
1960722
1960712
1960723
1960713
1960724
1960714
1960725
1960715
1960737
1960726
1960738
1960727
1960740
1960729
1960741
1960730
1960742
1960731
1960743
1960732
1960744
1960733
1960745
1960734
2024380
2025955
2025956
2025958
2109946
2136458
2136459
2136460
2136464
2136465
2192004
2196456
2196466
2232251
2232254
2234281
2234817
2249214
2249218
2249219
2255941
2356539
2356540
2417521
2417522
2417523
2417524
2417525
2417526
2417527
2417528
2417529
2417530
2417531
2417532
2417533
2417534
2417535
2417536
2417537
2417538
2417539
2417540
2417541
2417542
2417543
2417544
2429857
2465671
2502422
2502442
2513776
2564570
2564572
2564639
2564641
2564642
2564643
2564644
2639711
2639713
2703541
2740749
2970004
2970005
2970006
2970007
2970010
2970011
2970017
2970020
3021057
3021047
3021077
3021067
3021058
3021048
3021078
3021068
3021059
3021049
3021079
3021069
3021060
3021050
3021080
3021070
3021061
3021051
3021081
3021071
3021062
3021052
3021082
3021072
3021063
3021053
3021083
3021073
3021064
3021054
3021084
3021074
3033369
3084687
3084688
3084690
3084692
3084693
3084694
3084695
3084696
3084697
3084698
3084699
3104982
3107537
3165616
3165618
3165620
3165625
3165627
3259475
3259476
3259478
3304853
3304854
3304856
3347125
3347133
3347128
3347136
3347129
3347137
3366775
3372887
3380159
3407683
3407701
3407691
3407709
3407697
3407715
3446447
3446448
3446449
3446452
3446453
3446454
3446455
3446457
3446458
3473599
3473606
3473607
3473608
3474001
3474002
3474003
3474004
3474010
3474011
3474012
3474013
3474016
3474017
3474018
3474019
3474021
3474022
3542641
3542642
3542643
3542644
3542645
3542646
3542647
3542648
3542649
3542650
3542651
3542652
3542653
3542654
3542655
3542656
3542657
3542658
3542659
3542660
3542661
3542662
3542663
3542664
3594389
3599115
3637759
3666656
3671172
3676090
3676091
3676092
3676093
3676095
3676096
3676097
3676098
3676099
3676101
3676102
3676103
3676104
3676106
3676107
3676108
3721882
3721883
3721884
3835083
3835084
3835085
3835086
3835087
3879057
4054743
4054798
4054799
4167254
4182640
4182641
4182645
4182649
4182652
4193719
4193722
4226896
4232392
4232396
4285924
4300571
4441933
4442573
4611067
4620064
4620611
4620641
4670701
4670687
4670704
4670690
4670706
4670692
4670707
4670693
4670708
4670694
4692274
4692261
4692280
4692267
4855308
4855309
4897163
4897164
4897165
4897166
4897167
4897169
4897170
4897171
4897173
4897174
4897175
4897177
4897178
4922922
4922937
4922956
4922969
4922975
4923009
4923013
4963011
4965455
4965459
4965462
4991731
4991732
4991733
4991734
4991735
4991738
4991739
4991740
5073983
5074044
5074045
5074048
5141081
5200531
5220517
5257260
5257248
5257261
5257249
5257262
5257250
5257265
5257253
5257266
5257254
5257267
5257255
5257268
5257256
5257269
5257257
5290285
5379494
5394259
5394265
5411776
5412440
5433611
5433579
5433615
5433583
5433616
5433584
5433612
5433580
5433613
5433581
5433899
5433876
5433900
5433877
5433901
5433878
5433902
5433879
5433903
5433880
5433904
5433881
5433905
5433882
5433907
5433884
5433981
5433964
5434229
5559256
5559333
5559334
5559335
5559336
5559337
5559338
5559339
5559340
5559341
5559342
5559343
5559344
5559345
5559346
5559347
5559348
5576842
5576843
5576845
5576846
5576847
5622583
5622826
5622842
5622810
5622827
5622843
5622811
5642374
5651594
5701966
5786976
5786977
5786978
5786979
5786980
5786981
5786982
5786983
5786984
5786985
5786986
5786987
5786988
5786989
5786990
5786991
5786992
5786993
5786994
5786995
5786996
5786997
5786998
5786999
5787000
5789264
5789265
5789266
5789268
5789269
5789270
5789271
5789272
5789274
5789275
5789276
5789277
5789278
5789279
5789280
5803122
5855829
5929767
5929768
5929770
5929771
6006667
6084487
6084488
6084489
6084497
6084498
6116439
6172037
6360045
6365543
6368996
6369063
6376039
6376040
6376041
6376042
6376043
6376044
6376045
6376046
6376047
6376048
6376085
6376086
6376087
6376088
6376089
6376090
6376091
6376092
6376093
6386073
6404401
6404703
6404704
6404705
6404706
6404707
6404708
6404709
6404710
6404711
6404712
6404713
6404714
6404715
6404716
6404717
6404718
6404719
6404720
6404721
6404722
6404723
6404724
6404725
6404726
6405574
6405576
6405589
6413663
6413664
6413665
6413666
6413667
6413669
6413670
6413671
6413672
6450381
6450398
6450382
6450399
6474695
6478651
6482318
6482335
6482320
6482337
6482321
6482338
6482329
6482346
6482330
6482347
6482331
6482348
6482332
6482349
6482333
6482350
6557424
6557425
6564746
6615978
6615979
6615980
6615981
6615982
6615983
6615984
6615985
6615986
6615987
6615988
6616125
6616126
6616127
6616128
6616129
6616130
6617950
6617951
6617952
6617953
6617954
6617955
6617956
6617957
6617959
6617960
6617961
6627056
6714439
6716067
6716069
6716072
6716073
6721519
6721522
6775811
6775812
6775813
6775814
6775815
6775816
6775817
6775818
6809954
6809955
6809956
6809957
6809958
6809959
6809960
6810322
6810327
6811777
6811766
6811755
6811778
6811767
6811756
6811779
6811768
6811757
6811780
6811769
6811758
6811781
6811770
6811759
6812072
6812052
6812032
6812073
6812053
6812033
6812074
6812054
6812034
6812075
6812055
6812035
6812076
6812056
6812036
6812077
6812057
6812037
6812078
6812058
6812038
6873267
6925698
6925744
6967084
6967114
6967144
6967105
6967135
6967165
6967191
6967210
6967199
6967218
6969120
6969130
6971859
7003069
7003098
7023220
7040498
7040502
7040508
7040509
7040511
7047316
7052510
7052511
7052512
7052515
7052516
7052517
7052518
7052519
7052520
7052521
7052522
7052523
7052524
7052525
7052526
7052527
7086223
7086224
7086225
7086226
7135536
7240446
7240447
7240448
7255214
7301734
7307150
7334611
7334612
7334613
7334614
7334616
7334617
7334618
7334619
7334620
7334621
7342929
7342942
7365222
7365223
7365224
7365226
7365227
7365228
7365229
7387292
7414763
7446525
7446526
7509095
7545330
7545331
7545332
7545333
7545336
7545337
7545338
7560342
7597457
7597458
7597459
7597460
7597461
7597462
7597467
7639796
7703067
7705501
7705503
7710489
7758173
7766987
7778315
7778366
7778373
7790496
7790497
7823934
7823935
7838543
7843243
7883779
7901226
7923196
7923204
7941885
7941886
7944394
7944414
8001455
8022505
8022506
8022508
8022511
8022514
8036136
8039628
8039629
8039630
8039631
8206155
8206159
8264516
8282611
8282612
8282613
8282614
8297438
8297451
8297439
8297452
8317953
8317954
8317955
8317956
8317957
8317958
8317959
8317960
8317961
8317962
8317963
8317964
8404221
8575473
8575474
8575475
8575476
8575480
8575484
8607185
8613515
8613503
8613516
8613504
8613518
8613506
8613519
8613507
8613521
8613509
8613523
8613511
8613524
8613512
8613592
8613580
8613595
8613583
8613596
8613584
8613598
8613586
8613599
8613587
8613590
8613578
8753657
8781709
8816948
8816949
8816951
8816955
8858858
8858859
8858860
8858861
8858863
8858864
8858865
8858866
8858867
8858868
8858870
8858871
8858872
8858873
8858874
8858876
8858878
8858880
8858881
8863145
8863148
8879114
8879126
8879115
8879127
8879116
8879128
8879117
8879129
8879118
8879130
8879119
8879131
8879120
8879132
8879121
8879133
8879122
8879134
8879123
8879135
8879124
8879136
8879125
8879137
8879148
8879149
8879150
8879151
8879152
8879153
8879154
8879155
8888072
8888061
8888074
8888063
8888075
8888064
8888076
8888065
8888077
8888066
8888078
8888067
8888079
8888068
8888080
8888069
8888081
8888070
8888082
8888071
8888093
8888083
8888095
8888085
8888096
8888086
8888097
8888087
8888098
8888088
8888099
8888089
8888100
8888090
8888101
8888091
8888102
8888092
8916350
8916351
8916353
8916354
8966813
8984198
8984199
9020987
9020991
9020994
9038354
9038772
9038773
9038774
9038775
9039165
9043446
9043467
9043692
9043693
9044999
9045000
9045001
9045002
9045003
9045004
9045005
9045129
9045131
9045132
9045288
9045639
9046259
9046263
9046287
9046289
9046290
9046292
9046465
9046469
9046471
9048606
9048607
9048821
9049024
9049025
9049026
9049028
9049208
9049458
9049459
9049827
9049918
9141963
9141984
9175371
9207356
9207372
9207359
9207375
9207360
9207376
9207361
9207377
9207362
9207378
9207363
9207379
9261088
9304710
9343564
9343576
9474060
9501465
9501473
9501479
9513187
9617578
9617583
9617584
9617585
9627666
9640554
9652319
9662247
9677052
9685872
9685873
9685874
9685875
9685876
9685877
9685878
9685879
9685880
9685881
9685902
9685903
9685904
9685905
9685906
9685907
9685908
9685909
9685910
9704281
9704282
9704319
9704320
9715770
9715771
9715772
9715773
9715774
9715775
9715776
9715777
9715778
9715779
9715780
9715781
9715816
9715817
9715818
9715819
9715820
9715821
9715822
9715832
9715833
9715834
9715836
9715837
9715838
9715839
9715840
9715841
9715842
9715843
9715860
9715861
9715862
9715863
9715864
9715865
9715866
9715867
9715868
9715869
9715870
9715871
9715872
9715873
9715874
9715875
9715876
9715877
9715878
9715879
9715880
9715881
9715882
9715883
9715884
9715889
9715890
9715891
9715892
9715893
9715894
9715895
9715896
9715897
9715898
9715899
9715900
9715903
9715904
9715905
9715906
9715907
9715908
9715909
9715910
9740338
9768000
9781529
9781531
9781532
9781535
9781537
9781544
9807100
9807146
9813449
9866779
9866768
9866780
9866769
9866781
9866770
9866782
9866771
9866783
9866772
9866784
9866773
9866786
9866775
9905321
9905307
9950338
9950341
9950343
9950344
10024881
10035051
10035059
10043601
10043602
10043605
10043606
10043608
10043609
10043610
8954402
10139590
10139593
10166916
10166917
10166952
10166908
10168980
10168981
10168982
10168983
10168984
10168985
10168988
10168989
10168990
10168992
10183190
10183191
10183192
10183570
10183571
10183572
10183573
10183575
10183576
10183577
10183578
10183579
10183580
10183582
10183583
10183584
10183585
10183586
10183588
10183590
10183592
10183593
10183825
10183826
10186325
10186806
10186847
10186949
10227230
10244169
10244170
10244171
10244172
10244173
10244174
10244175
10323329
10323330
10323331
10323332
10323333
10323335
10323373
10323378
10323379
10370658
10395883
10395884
10395885
10395886
10431638
10431639
10431640
10442528
10442537
10442529
10442538
10522735
10522736
10522737
10540177
10737142
10737143
10737144
10737149
10737151
10737153
10737157
10737158
10737159
10737160
10737161
10737163
10737164
10737335
10737336
10737337
10737338
10737339
10737340
10737341
10737342
10737343
10737344
10737345
10737346
10737347
10737348
10737349
10737350
10737351
10737352
10737353
10737354
10737355
10737356
10737357
10737358
10770758
10770759
10893888
10893895
10893896
10893897
10893900
10893901
10893902
10893903
10893909
10893910
10893911
10893912
10893915
10893916
10893917
10893918
10893920
10893921
10893983
10893984
10893985
10893986
10893987
10893988
10893989
10893990
10893991
10893992
10893993
10893994
10893996
10893997
10893998
10893999
10894000
10894001
10894069
10894070
10894073
10894094
10894095
10894096
10894097
10894098
10894099
10894100
10894101
10894102
10894103
10894104
10894105
10894106
10894107
10894108
10894109
10908285
2524721
2524725
2524728
2524729
2524730
2524731
2524732
2524733
2524735
2524737
2524722
2524723
10940355
10940356
10940357
10940358
10940359
10940360
10940361
10940362
10941726
10941727
10941728
10941729
10941730
10941731
10941732
10941733
10941734
10941735
10941736
10941737
10941738
10941739
10941740
10941741
10941742
10941743
10941744
10941745
10941746
10941747
10941748
10941749
10943073
10943079
10872342
10872343
10872344
10872352
10872375
10991145
9831659
11073456
11073458
11073459
11073461
11073463
11073464
11073465
11073466
11073467
11073468
11073469
11079448
11079449
11079450
577565
577566
577567
11111544
11133002
11133007
11135035
11135051
11135044
11135052
11135045
11135271
11135272
11135273
11135275
11135276
11135277
11135278
11135279
11135280
11135281
11135282
11135289
11135290
11135291
11135292
11135293
11135294
11135295
11135296
11135297
11135298
11135299
11135300
11135301
11135304
11135305
11135310
11135311
11135312
11135313
11135314
11135315
11135316
11135317
11135318
11135319
11135320
11135321
11135322
11135323
11135324
11135325
11135326
11135328
11135329
11206511
11206512
11206513
11206514
11206515
11206516
11206517
11206518
11206519
11206520
11206521
11206522
11206539
11206529
11206544
11206545
11206569
11206551
11206570
11206552
11206571
11206553
11206573
11206555
11206574
11206556
11206575
11206557
11206576
11206558
11206577
11206559
11206578
11206560
11206580
11206562
11206694
11206665
11206695
11206666
11206696
11206667
11206697
11206668
11206698
11206669
11206699
11206670
11206700
11206671
11206701
11206672
11206702
11206673
11206703
11206674
11206704
11206675
11206705
11206676
11206706
11206677
11206709
11206680
11206710
11206681
11206715
11206686
11206716
11206687
11206717
11206688
11206718
11206689
11206719
11206690
11206720
11206691
11206721
11206692
11206722
11206693
11206926
11206912
11206931
11206917
11206932
11206918
11206933
11206919
11206934
11206920
11206935
11206921
11206936
11206922
11206937
11206923
11266410
11266517
11373181
11373182
11373184
11373186
11373187
11373188
11373189
11373190
11373191
11373192
11373193
11373194
11373195
11373196
11373199
11373200
11373201
11373202
11373203
11373204
11373205
11373206
2834273
11538371
11538372
11538383
11544000
11544001
11544002
11544003
11544004
11544005
11544006
11544007
11544010
11544011
11544012
11544013
11544038
11544039
11544040
11544041
11544042
11544043
11544044
11544046
11544047
11544048
11544049
11544050
11544051
11647865
11647872
11647873
11647874
11647877
11647878
11647879
11647880
11647886
11647887
11647888
11647889
11647892
11647893
11647894
11647895
11647897
11647898
11648032
11648033
11648034
11648035
11648036
11648037
11648038
11648039
11648040
11648041
11648042
11648043
11648044
11648045
11648046
11648047
11672002
11672179
11672180
11672181
11672182
11672183
11672184
11672185
11672186
11672187
11672188
11672189
11672190
11672192
11672193
11672194
11672195
11672196
11672197
11702708
11728271
11735477
11735478
11735479
11735480
11735481
11735483
11735496
11735501
11735502
11739871
11739860
11739849
11739838
11739872
11739861
11739850
11739839
11739873
11739862
11739851
11739840
11739874
11739863
11739852
11739841
11739875
11739864
11739853
11739842
11739876
11739865
11739854
11739843
11739877
11739866
11739855
11739844
11739878
11739867
11739856
11739845
11739879
11739868
11739857
11739846
11739880
11739869
11739858
11739847
11739881
11739870
11739859
11739848
11739882
11739883
11739884
11739885
11739886
11739887
11739888
11739889
11739890
11739891
11739892
11776633
11776621
11865127
11871744
11871985
11893285
11893286
11893287
11893288
11899546
11899621
11900386
11900371
11900387
11900372
11900388
11900373
11912396
11912401
11912419
11912430
11912441
11920163
11993452
12022060
12201893
12201894
12201900
12201906
12210862
12222744
12222745
12222746
12222748
12222751
12222753
12222756
12222757
12222758
12222760
12222761
12227582
12227594
12239733
12240952
12240953
12240958
12240960
12241310
12242264
12242266
12242267
12242275
12242276
12242277
12266812
12266813
12266814
12266816
12266817
12266818
12266819
12266820
12267394
12267427
12267428
12267429
12267430
12267436
12286385
12286386
12286387
12286392
12308411
12308419
12308421
12308422
12308423
12363459
12363462
12376532
12460603
12460604
12460605
12462884
12462895
12462896
12462897
12462898
12462930
12462931
12462932
12462933
12462934
12462936
12462938
12462939
12462940
12462947
12462948
12462950
12463003
12463020
12488421
12488414
12488422
12488415
12488423
12488416
12488424
12488417
12488426
12488419
12489667
12498951
12498937
12498952
12498938
12498953
12498939
12498954
12498940
12498955
12498941
12498956
12498942
12498957
12498943
12528932
12595341
12595343
12595345
12595348
12595350
12595351
12595352
12614683
12636807
12636808
12636809
12636811
12636812
12636814
12636815
12636816
12758608
12895191
12974146
12974163
12974252
12974260
12983839
12985173
12985174
12985175
12985176
12985177
12985178
12985179
12985180
12985181
12985201
12985202
12985203
12985204
12985205
12985206
12985207
12985208
12985210
12985212
12985216
12985217
12985218
12985219
12985220
12985221
12985228
12985231
12985258
12985266
12985363
12985365
12985366
12985367
12985368
12985369
12985370
12985371
12985372
12985373
12985374
12985375
12985376
12985377
12985378
12985379
12985380
12985381
12985382
12985383
12985384
12985385
12985386
12985392
12985435
12985436
12985437
12985438
12985439
12985440
12985441
12985442
12985443
12985444
12985445
12985446
12985447
12985448
12985449
12985450
12985451
12985452
12985453
12985454
12985455
12985456
12985457
12985458
12985601
12985790
12985803
12985804
12985805
12985806
12985807
12985808
12985809
12985810
12985811
12985812
12985813
12985814
12985815
12985816
12985817
12985887
12985888
12985889
12985890
12985894
12985897
12985898
12985899
12985900
12985970
12985975
12986021
12986031
12986044
12986046
12986047
12986048
12986068
12986069
12986071
12986072
12990905
12990908
12990924
12990935
12990958
12990959
12990960
12990961
12990962
12990963
12990964
12990965
12990966
12990967
12990969
12990970
12990992
12990993
12990994
12990995
12990996
12990997
12990998
12990999
12991007
12991008
12991009
12991010
12991011
12991012
12991013
12991014
12991015
12991016
12991017
12991018
12991019
12991020
12991021
12991022
12991023
12991024
12991025
12991026
12991027
12991028
12991029
12991030
12991048
12991049
12991050
12991051
12991052
12991053
12991054
12991055
12991056
12991057
12991058
12991059
12991060
12991061
12991062
12991063
12991064
12991065
12991066
12991067
12991068
12991069
12991070
12991071
12992419
12992423
12992429
12992430
12992431
12992432
12992433
12992434
12992435
12992436
12992437
12992438
12992439
12992440
12992441
12992442
12992443
12992444
12992445
12992446
12992447
12992448
12992449
12992450
12992451
12992452
12992455
12992456
12992457
12992458
12992464
12992465
12992466
12992467
12992470
12992471
12992472
12992473
12992475
12992476
12992546
12992547
12996628
12996744
12996755
12997648
12997683
12997693
12997697
12997700
12997705
12997717
12997718
12997720
12997722
12997725
12997726
12997727
12997729
12997730
12997735
12997736
13001718
13046525
13046526
13046527
13046528
13046529
13046530
13046534
13046535
13046536
13046537
13046538
13046539
13046540
13046541
13065359
13146445
13146453
13146455
13146491
13182369
13182343
13182317
13182370
13182344
13182318
13182371
13182345
13182319
13182372
13182346
13182320
13182373
13182347
13182321
13182374
13182348
13182322
13182375
13182349
13182323
13182376
13182350
13182324
13182377
13182351
13182325
13182378
13182352
13182326
13182379
13182353
13182327
13182380
13182354
13182328
13182381
13182355
13182329
13182382
13182356
13182330
13182383
13182357
13182331
13182384
13182358
13182332
13182385
13182359
13182333
13182386
13182360
13182334
13182387
13182361
13182335
13182388
13182362
13182336
13182389
13182363
13182337
13182390
13182364
13182338
13182391
13182365
13182339
13182392
13182366
13182340
13182393
13182367
13182341
13182394
13182368
13182342
13182445
13182420
13182395
13182446
13182421
13182396
13182447
13182422
13182397
13182448
13182423
13182398
13182449
13182424
13182399
13182450
13182425
13182400
13182451
13182426
13182401
13182452
13182427
13182402
13182453
13182428
13182403
13182454
13182429
13182404
13182455
13182430
13182405
13182456
13182431
13182406
13182457
13182432
13182407
13182458
13182433
13182408
13182459
13182434
13182409
13182462
13182437
13182412
13182463
13182438
13182413
13182464
13182439
13182414
13182465
13182440
13182415
13182466
13182441
13182416
13182467
13182442
13182417
13182468
13182443
13182418
13182469
13182444
13182419
13182477
13182470
13182478
13182471
13182479
13182472
13182480
13182473
13182482
13182475
13182516
13182502
13182521
13182507
13182590
13182560
13182591
13182561
13182592
13182562
13182593
13182563
13182594
13182564
13182595
13182565
13182596
13182566
13182597
13182567
13182598
13182568
13182599
13182569
13182600
13182570
13182601
13182571
13182602
13182572
13182603
13182573
13182604
13182574
13182605
13182575
13182606
13182576
13182607
13182577
13182608
13182578
13182609
13182579
13182610
13182580
13182611
13182581
13182612
13182582
13182613
13182583
13384689
13384700
13384774
13438324
13588117
13588121
13634990
14077178
14077181
14089198
14089199
14089201
14089202
14089203
14089204
14089215
14089222
14089226
14127400
14547823
14624253
14624262
14706569
13001735
14976988
14976996
14977002
15038754
15038755
15038756
15038757
9048652
15126785
15126786
15126787
15126792
15126794
15126796
15126800
15126801
15126802
15126803
15126804
15126806
15126807
15126860
15126861
15126862
15126863
15126864
15126865
15126866
15126867
15126868
15126869
15126870
15126871
15126872
15126873
15126874
15126875
15126876
15126877
15126878
15126879
15126880
15126881
15126882
15126883
9826505
15198115
15198119
15198124
15198125
9826507
9826508
9826513
67765
67766
67788
68285
68334
68344
68348
68349
68351
68352
68354
68357
68437
68447
68493
148070
214279
214293
214280
214294
214281
214295
214282
214296
214283
214297
214284
214298
214285
214299
214286
214300
214287
214301
214289
214303
214290
214304
236923
236924
260055
298171
306863
333472
333491
333474
333493
333476
333495
333477
333496
333478
333497
333479
333498
333480
333499
333481
333500
333483
333502
404601
404602
404603
404604
404605
404606
404607
404608
404609
404610
404611
404612
404613
404614
404615
404616
404617
404618
404619
404620
404621
404622
404623
404624
428792
428793
428794
428795
428796
428797
428798
428799
428800
428801
428802
428803
428804
428805
428806
428807
428808
428809
428810
428811
428812
428813
428814
428815
479428
490081
490082
490083
490084
490085
490086
490089
490090
490091
490092
490093
490094
490095
490096
490097
490099
490100
490102
490103
510743
516013
535039
539442
541291
541293
541294
541295
554263
554268
567293
567294
567295
567296
567298
567299
567300
567301
567302
567303
567305
567306
567307
567308
567309
567311
567313
567315
567316
619579
630349
641466
641468
656262
659146
670543
670542
695400
695386
751336
751340
751345
751346
780634
780635
780636
780637
780638
780639
780640
780642
780643
780644
780645
780646
780720
780721
780722
780724
780725
805329
826829
839432
846147
922663
922666
922668
922670
964232
1010536
1039075
1039076
1039084
1100529
1113291
1120739
1192913
1192914
1192915
1192918
1209347
1209348
1209349
1209350
1222195
9305394
9305396
9305397
9305399
9305400
1343352
1343353
1343354
1343355
1369172
1369173
1369174
1400245
1400246
1400247
1400248
1428544
1428545
1428547
1432987
1432988
1432996
1433002
1467753
1588043
1588045
1621372
1716237
1716238
1716239
1766803
1786743
1786744
1786745
1786746
1854429
1854430
1854431
1854432
1958712
2436412
2436413
2436414
2436415
2447485
2483844
2587936
2587937
2587938
2587939
2703523
2931066
2999323
2999324
2999325
3290613
3290623
3290614
3290624
3290615
3290625
3372219
3671102
3805187
3805188
3805189
3889647
3889648
3889649
4071779
4071780
4071781
4071782
4215361
4215362
4215363
4215364
4456906
4492822
4492823
4492824
4492825
4610520
4610521
4610522
4610523
4661726
4661738
4661727
4661739
4661728
4661740
4770548
4785532
4785533
4785534
4785535
5244214
5284028
5284029
5284030
5284031
5411402
5411403
5411404
5590898
5590899
5590900
5590901
5737295
5737296
5737297
5737298
5771939
5771940
5771941
5771942
5872332
5872333
5872334
5872335
5980551
5980552
5980553
5980554
5988281
5988272
5988282
5988273
5988284
5988275
6054513
6054514
6054515
6054516
6235390
6251620
6251621
6251622
6251623
6351094
6408833
6408834
6408835
6408836
6649015
6649016
6649017
6649018
6661403
6661404
6661405
6663264
6663265
6663266
6705389
6705390
6705391
6705392
6714442
6927199
6927200
6975533
6975534
6975535
6975536
7023189
7085002
7085003
7085004
7092924
7092925
7092926
7092927
7232483
7275437
7275441
7275439
7275443
7307455
7377811
7377812
7377813
7377814
7390501
7390485
7390506
7390490
7390507
7390491
7390509
7390493
7521054
7521055
7521056
7521057
7521287
7521289
7521290
7541839
7541840
7541841
7556051
7556052
7556053
7556054
7637635
7637636
7637637
7637638
7649085
7694010
7701092
7741947
7741948
7741949
7883094
7883095
7883096
7901225
8002193
8002194
8002196
8009727
8009719
8009728
8009720
8009730
8009722
8021925
8021926
8021927
8021928
8067137
8067138
8207703
8255919
8255920
8255921
8255922
8287124
8287125
8287126
8289117
8312897
8333386
8389302
8389303
8389304
8389305
8405365
8475796
8475797
8475798
8475799
8491588
8491592
8491589
8491593
8491590
8491594
8491591
8491595
8607768
8607776
8607769
8607777
8607771
8607779
8716117
8949828
8949829
8949830
8949831
8951266
8951267
8951268
8951269
9023374
9023379
9023380
9034901
9189852
9189853
9276968
9276969
9276970
9276971
9276972
9276973
9276974
9276978
9276979
9276980
9276981
9276982
9276983
9276984
9276985
9276986
9276987
9276988
9276989
9276990
9276991
9277000
9277001
9277002
9277003
9277004
9277005
9277006
9281834
9281835
9281836
9281837
9281866
9281957
9281962
9281963
9281965
9302785
9307428
9361759
9361760
9361761
9361762
9595952
9595953
9595954
9673866
9673867
9673868
9696870
9696846
9706718
9706719
9706720
9706721
9995772
10111316
10111317
10111318
10111319
10141361
10158626
10158627
10158628
10158629
10331327
10331328
10331329
10331330
10368947
10368948
10368949
10368950
10409779
10409789
10409780
10409790
10409785
10409795
10409786
10409796
10431653
10431654
10431655
10431656
10431657
10431658
10431659
10546177
10546178
10546179
10631229
9038327
11040402
5411410
5411411
5411412
5411413
11270166
11270167
11270168
11270169
11302141
8956482
11369423
11369424
11369426
11404528
11404546
8382879
11695009
11698413
11810712
11810703
11871727
11877694
11877695
11877696
11877697
12269605
12705783
12705784
12705785
12705786
12709548
12709549
12709550
12709551
12795301
12926667
12926795
13118426
13129063
13129064
13129065
13129066
13151260
13151261
13151269
13151275
13180188
13180189
13297422
13297426
13297427
13297429
13343084
13343085
13343086
13343087
13413604
14005426
14005427
14005428
14092914
14092915
14092916
14092917
14641369
14641371
14718531
14817394
13118425
13118428
10034991
935405
5552581
8716118
832075
3412615
5289762
5289777
11003747
13349470
15047169
15047170
15047171
15047172
7701093
15228171
174660
174661
174662
174663
210767
243223
243224
243225
243226
272744
272745
272746
272747
292664
326017
326018
326020
484026
484031
533339
533334
533340
533335
533341
533336
533342
533337
573019
573020
573021
573022
587594
587600
637041
637043
637044
656268
671177
671178
671179
671180
702057
714447
916002
935406
935408
1172553
1172554
1172555
13622089
1308511
1308512
1308513
1426675
1440196
1465476
1500869
1528834
1579873
1631990
1631991
1799960
1925978
1943295
1963396
1977707
1977710
1977712
1977713
1977714
2038000
2038001
2038002
2038003
2038004
2038005
2038006
2038007
2038008
2038009
2038010
2038011
2038012
2038013
2038014
2038015
2093700
2141960
2367796
2905621
2991644
3015859
3028464
3028465
3028466
3304855
3407685
3407703
3671155
3671158
3671165
3721573
3721563
3721583
3806006
3910975
3969115
3969116
3969117
3969122
3969123
3969124
3969125
3969126
3969129
4026274
4026276
4048865
4135139
4167264
4174999
4218564
4240406
4677539
4922967
4959272
5384039
5384040
5384041
5384042
5384043
5384044
5384045
5384046
5422426
5436068
5436069
5436070
5442318
5442319
5442323
5442324
5442325
5442326
5442327
5442328
5462575
5462576
5462577
5462578
5462579
5462580
5462581
5462582
5462583
5462584
5462585
5462586
5462587
5462588
5462589
5462590
5508341
5508342
5508343
5803152
5861322
5985904
5985905
5985906
5985907
5985908
5985909
5985910
5985911
5999483
6006681
6064739
6130888
6213964
6213989
6286262
6365536
6365541
6428171
6428187
6428195
6428203
6428179
6428172
6428188
6428196
6428204
6428180
6428173
6428189
6428197
6428205
6428181
6428174
6428190
6428198
6428206
6428182
6683462
6823127
6920933
6921878
6921879
6921880
6958194
6976506
7041711
7041712
7041713
7242171
7242173
7302697
7307145
7342932
7508575
7508577
7642976
7758174
7779549
7779554
7779565
7779566
7779567
7779568
7779569
7779570
7779571
7779572
7779573
7779574
7779575
7779576
7779577
7901228
7923198
7943008
7944400
7944420
7944527
7944547
8082484
8082487
8082488
8082493
8177487
8177488
8177489
8177490
8177491
8177492
8177493
8177494
8177495
8177496
8177497
8177498
8177499
8177500
8177501
8177502
8182022
8355387
8355388
8355389
8355390
8386127
8386113
8386128
8386114
8386129
8386115
8386130
8386116
8386131
8386117
8386132
8386118
8386133
8386119
8386134
8386120
8386135
8386121
8390842
8527776
8597464
8715955
8845440
8851747
9038359
9046466
9050406
9141828
9142800
9305210
9305211
9305212
9305213
9305214
9305215
9305216
9305217
9305218
9307426
9352876
9352881
9399156
9514042
9514043
9514044
9514045
9514046
9514047
9514048
9514049
9514050
9514051
9514052
9598255
9668811
9738416
9738418
9744884
9796221
9807101
9969334
9969335
9969336
9969337
9969338
9969339
9969340
9969341
9993260
9993266
9993267
10280591
10280596
10280643
10280644
10280645
10280646
10280647
10280648
10280649
10280650
10280651
10280652
10280653
10280654
10280655
10280691
10280692
10280693
10280694
10280695
10280696
10280697
10280698
10280699
10280700
10280701
10280702
10280703
10280704
10280705
10280706
10280707
10280708
10327971
10327995
10442930
10442931
10442932
10475075
10513497
10513498
10513499
10513500
10513501
10513502
10513503
10513504
10513505
10513506
10513507
10513508
10540883
10540884
10540885
10540886
10540887
10540888
10540889
10540890
10579747
10585682
10585683
10585684
11226173
11226174
11226175
11226176
11226177
11226178
11226179
11226180
11226306
11226307
11226308
11226341
11226346
11226355
11226356
11226357
11226358
11226359
11226360
11226361
11226362
11226363
11226364
11226365
11226366
11226367
11226368
11226369
11226370
11226371
11226372
11226373
11226374
11226375
11226376
11226377
11226378
11226379
11226380
11226381
11226382
11226383
11254572
11254573
11254574
11254575
11254576
11254577
11254578
11254579
11254580
11254581
11254582
11254583
11254584
11254585
11254586
11254587
4800537
4800539
11277347
5552660
5552661
5552662
5552663
5552664
5552665
5552666
5552667
5552668
11568470
11568471
11568472
11968149
12229874
12306732
12306733
12306734
12306735
12306736
12306737
12306738
12306739
12306740
12306741
12306742
12306743
12306744
12306745
12306746
12306747
12443877
12926784
12973065
12973075
12973087
12973088
12973089
12973094
12973095
12973096
12973097
12973098
12973099
12973100
12973101
12973102
12973230
12973231
12973232
12973237
12973238
12973239
12973240
12973241
12973242
12973243
12973244
12973245
12990899
13281519
13281520
13281521
13281522
13281523
13281524
13281525
13281526
13281527
13281531
13281532
13281533
13634986
13700169
13882822
13957229
13957230
13957298
13957299
13971818
13971819
13973142
13973154
13973143
13973155
13973144
13973156
13973145
13973157
13973146
13973158
14337615
14337616
14337618
14706562
14706567
14858520
14858521
14858522
14858523
14858524
14858525
14858526
14858527
14858528
14858529
14858530
14858531
14858532
14858533
14858534
14858535
13281599
14958838
14976990
68291
68420
148062
438813
505314
505315
505316
505317
505318
505319
505320
505321
557934
594661
717370
717374
717378
717379
717380
818086
818096
944683
944684
944685
944687
1041838
1041839
1041840
1041841
1174656
1174657
1174658
1174659
1174660
1193388
1193389
1193390
1455428
1605965
1667163
2046273
2046295
2046284
2703527
3610547
3808199
4010518
4586287
5247728
5374504
5622571
5795805
5968327
6096924
6247979
6850862
6850845
7196242
7307146
7309374
7553511
7601450
7766983
8139957
8162332
8162333
8360988
8361006
8440881
8759695
8953042
9140914
9140916
9140917
9277292
9277294
9341784
9578999
9579000
10186217
10186211
7745546
11547611
12330680
12330682
12330683
12838137
12930112
13429338
13429340
13429341
14210187
14210190
14210285
1515097
8162330
2715372
485344
510748
636411
818055
818065
932310
4635823
6456218
6456214
8154614
189329
13426496
13426478
14036309
12803666
12803648
11887554
11887557
11887558
11887553
14515334